0.05 0.0 
0.15000000000000002 0.0 
0.25 0.0 
0.35000000000000003 0.0 
0.45 0.0 
0.55 0.0 
0.65 0.0 
0.75 0.0 
0.8500000000000001 0.0 
0.9500000000000001 0.0 
1.05 0.0 
1.1500000000000001 0.0 
1.25 0.0 
1.35 0.0 
1.4500000000000002 0.0 
1.55 0.0 
1.6500000000000001 0.0 
1.75 0.0 
1.85 0.0 
1.9500000000000002 0.0 
2.0500000000000003 0.0 
2.15 0.0 
2.25 0.0 
2.35 0.014872322067597277 
2.45 0.03918370029172041 
2.5500000000000003 0.07061979481196289 
2.6500000000000004 0.12706091388393798 
2.75 0.18315468115888486 
2.85 0.19902653242402604 
2.95 0.20549783506873248 
3.0500000000000003 0.26087480021669684 
3.1500000000000004 0.30590763768383455 
3.25 0.3838717878494132 
3.35 0.4245082817429475 
3.45 0.6148155320050019 
3.5500000000000003 0.7136885544638859 
3.6500000000000004 0.855320715043764 
3.75 0.9980249756138528 
3.85 1.1209119285088909 
3.95 1.1957745821312984 
4.05 1.2744878857954098 
4.15 1.2203134456600706 
4.25 1.2578244744724996 
4.3500000000000005 1.3508172871514688 
4.45 1.336230836092818 
4.55 1.2413517180305993 
4.65 1.230669592651345 
4.75 1.1848602162842767 
4.8500000000000005 1.0960293266762198 
4.95 1.0962323652271568 
5.050000000000001 1.0507595687369713 
5.15 0.968681061728414 
5.25 0.9699260858662792 
5.3500000000000005 0.9885343099665092 
5.45 0.971195965189006 
5.550000000000001 0.9715455474764607 
5.65 0.9772272665548247 
5.75 0.9760571160367748 
5.8500000000000005 0.9796321258891765 
5.95 0.9584766094131151 
6.050000000000001 0.9763241545370477 
6.15 0.9971532878708591 
6.25 1.075804990074112 
6.3500000000000005 1.0593194665061176 
6.45 0.9799684461295672 
6.550000000000001 1.024336815423402 
6.65 1.035471194885223 
6.75 1.0498443057590088 
6.8500000000000005 1.0332619879401062 
6.95 1.0430107227290115 
7.050000000000001 1.0140828462619143 
7.15 1.036018550778374 
7.25 1.0463505405320752 
7.3500000000000005 1.0797927569345818 
7.45 1.0686927095894156 
7.550000000000001 0.9784090999919494 
7.65 1.014820609017731 
7.75 1.0432578008843105 
7.8500000000000005 1.0306019248443423 
7.95 1.0253379044336142 
8.05 1.026929940756117 
8.15 1.0209965426710128 
8.25 0.9693501675319618 
8.35 0.9943080381437942 
8.450000000000001 0.9889022448274876 
8.55 0.9854678233135499 
8.65 0.9773858627118578 
8.75 0.9559538055820331 
8.85 0.9361888149842688 
8.950000000000001 0.9397640675952674 
9.05 0.949928612530335 
9.15 0.9420337073751172 
9.25 0.9182409899598676 
9.35 0.9558507280236443 
9.450000000000001 0.9835181832052164 
9.55 0.9719538653702721 
9.65 0.9450579156801233 
9.75 0.9463138508731772 
9.850000000000001 0.9719155627278783 
9.950000000000001 0.9772562858330713 
10.05 0.9841893021564705 
