msd_mean. 
time vs msd_mean

msd_mean = 
array([0.00000000e+00, 5.70216297e-07, 2.28070483e-06, 5.13116879e-06,
       9.12123648e-06, 1.42504618e-05, 2.05183244e-05, 2.79242304e-05,
       3.64675120e-05, 4.61474291e-05, 5.69631685e-05, 6.89138452e-05,
       8.19985033e-05, 9.62161150e-05, 1.11565583e-04, 1.28045739e-04,
       1.45655346e-04, 1.64393097e-04, 1.84257620e-04, 2.05247472e-04,
       2.27361144e-04, 2.50597063e-04, 2.74953588e-04, 3.00429012e-04,
       3.27021565e-04, 3.54729414e-04, 3.83550663e-04, 4.13483353e-04,
       4.44525464e-04, 4.76674915e-04, 5.09929566e-04, 5.44287217e-04,
       5.79745611e-04, 6.16302431e-04, 6.53955304e-04, 6.92701801e-04,
       7.32539438e-04, 7.73465675e-04, 8.15477921e-04, 8.58573530e-04,
       9.02749803e-04, 9.48003991e-04, 9.94333294e-04, 1.04173486e-03,
       1.09020580e-03, 1.13974315e-03, 1.19034393e-03, 1.24200510e-03,
       1.29472357e-03, 1.34849621e-03, 1.40331985e-03, 1.45919126e-03,
       1.51610720e-03, 1.57406435e-03, 1.63305938e-03, 1.69308890e-03,
       1.75414948e-03, 1.81623768e-03, 1.87934998e-03, 1.94348285e-03,
       2.00863272e-03, 2.07479598e-03, 2.14196898e-03, 2.21014805e-03,
       2.27932946e-03, 2.34950948e-03, 2.42068432e-03, 2.49285016e-03,
       2.56600316e-03, 2.64013943e-03, 2.71525507e-03, 2.79134614e-03,
       2.86840865e-03, 2.94643860e-03, 3.02543197e-03, 3.10538468e-03,
       3.18629265e-03, 3.26815174e-03, 3.35095782e-03, 3.43470669e-03,
       3.51939415e-03, 3.60501595e-03, 3.69156784e-03, 3.77904550e-03,
       3.86744463e-03, 3.95676086e-03, 4.04698982e-03, 4.13812709e-03,
       4.23016826e-03, 4.32310884e-03, 4.41694435e-03, 4.51167027e-03,
       4.60728207e-03, 4.70377516e-03, 4.80114495e-03, 4.89938681e-03,
       4.99849610e-03, 5.09846813e-03, 5.19929821e-03, 5.30098159e-03,
       5.40351354e-03, 5.50688927e-03, 5.61110397e-03, 5.71615283e-03,
       5.82203097e-03, 5.92873354e-03, 6.03625562e-03, 6.14459228e-03,
       6.25373860e-03, 6.36368959e-03, 6.47444027e-03, 6.58598562e-03,
       6.69832062e-03, 6.81144020e-03, 6.92533930e-03, 7.04001282e-03,
       7.15545566e-03, 7.27166267e-03, 7.38862872e-03, 7.50634864e-03,
       7.62481724e-03, 7.74402933e-03, 7.86397970e-03, 7.98466311e-03,
       8.10607433e-03, 8.22820809e-03, 8.35105914e-03, 8.47462218e-03,
       8.59889194e-03, 8.72386309e-03, 8.84953034e-03, 8.97588834e-03,
       9.10293177e-03, 9.23065527e-03, 9.35905350e-03, 9.48812109e-03,
       9.61785267e-03, 9.74824285e-03, 9.87928625e-03, 1.00109775e-02,
       1.01433111e-02, 1.02762818e-02, 1.04098841e-02, 1.05441125e-02,
       1.06789618e-02, 1.08144264e-02, 1.09505009e-02, 1.10871799e-02,
       1.12244580e-02, 1.13623296e-02, 1.15007895e-02, 1.16398322e-02,
       1.17794521e-02, 1.19196440e-02, 1.20604022e-02, 1.22017215e-02,
       1.23435964e-02, 1.24860214e-02, 1.26289911e-02, 1.27725001e-02,
       1.29165430e-02, 1.30611143e-02, 1.32062086e-02, 1.33518205e-02,
       1.34979446e-02, 1.36445755e-02, 1.37917077e-02, 1.39393360e-02,
       1.40874548e-02, 1.42360589e-02, 1.43851427e-02, 1.45347011e-02,
       1.46847285e-02, 1.48352196e-02, 1.49861691e-02, 1.51375717e-02,
       1.52894219e-02, 1.54417146e-02, 1.55944443e-02, 1.57476057e-02,
       1.59011937e-02, 1.60552027e-02, 1.62096277e-02, 1.63644633e-02,
       1.65197043e-02, 1.66753454e-02, 1.68313813e-02, 1.69878070e-02,
       1.71446171e-02, 1.73018065e-02, 1.74593699e-02, 1.76173023e-02,
       1.77755984e-02, 1.79342531e-02, 1.80932613e-02, 1.82526178e-02,
       1.84123175e-02, 1.85723555e-02, 1.87327265e-02, 1.88934255e-02,
       1.90544475e-02, 1.92157876e-02, 1.93774406e-02, 1.95394016e-02,
       1.97016656e-02, 1.98642278e-02, 2.00270831e-02, 2.01902267e-02,
       2.03536536e-02, 2.05173591e-02, 2.06813383e-02, 2.08455864e-02,
       2.10100985e-02, 2.11748700e-02, 2.13398961e-02, 2.15051720e-02,
       2.16706930e-02, 2.18364545e-02, 2.20024519e-02, 2.21686804e-02,
       2.23351356e-02, 2.25018128e-02, 2.26687076e-02, 2.28358153e-02,
       2.30031316e-02, 2.31706520e-02, 2.33383720e-02, 2.35062873e-02,
       2.36743936e-02, 2.38426865e-02, 2.40111617e-02, 2.41798150e-02,
       2.43486421e-02, 2.45176389e-02, 2.46868011e-02, 2.48561248e-02,
       2.50256057e-02, 2.51952399e-02, 2.53650234e-02, 2.55349521e-02,
       2.57050221e-02, 2.58752295e-02, 2.60455705e-02, 2.62160412e-02,
       2.63866379e-02, 2.65573568e-02, 2.67281941e-02, 2.68991463e-02,
       2.70702096e-02, 2.72413806e-02, 2.74126556e-02, 2.75840311e-02,
       2.77555037e-02, 2.79270700e-02, 2.80987266e-02, 2.82704701e-02,
       2.84422972e-02, 2.86142046e-02, 2.87861892e-02, 2.89582478e-02,
       2.91303772e-02, 2.93025744e-02, 2.94748362e-02, 2.96471598e-02,
       2.98195421e-02, 2.99919803e-02, 3.01644714e-02, 3.03370126e-02,
       3.05096012e-02, 3.06822344e-02, 3.08549095e-02, 3.10276238e-02,
       3.12003748e-02, 3.13731599e-02, 3.15459765e-02, 3.17188223e-02,
       3.18916947e-02, 3.20645915e-02, 3.22375102e-02, 3.24104485e-02,
       3.25834043e-02, 3.27563753e-02, 3.29293594e-02, 3.31023544e-02,
       3.32753583e-02, 3.34483691e-02, 3.36213847e-02, 3.37944034e-02,
       3.39674231e-02, 3.41404421e-02, 3.43134586e-02, 3.44864708e-02,
       3.46594770e-02, 3.48324755e-02, 3.50054647e-02, 3.51784431e-02,
       3.53514091e-02, 3.55243612e-02, 3.56972979e-02, 3.58702179e-02,
       3.60431199e-02, 3.62160024e-02, 3.63888642e-02, 3.65617040e-02,
       3.67345205e-02, 3.69073128e-02, 3.70800794e-02, 3.72528195e-02,
       3.74255318e-02, 3.75982154e-02, 3.77708692e-02, 3.79434923e-02,
       3.81160836e-02, 3.82886424e-02, 3.84611677e-02, 3.86336586e-02,
       3.88061144e-02, 3.89785341e-02, 3.91509170e-02, 3.93232624e-02,
       3.94955695e-02, 3.96678375e-02, 3.98400658e-02, 4.00122537e-02,
       4.01844004e-02, 4.03565053e-02, 4.05285678e-02, 4.07005871e-02,
       4.08725628e-02, 4.10444941e-02, 4.12163805e-02, 4.13882213e-02,
       4.15600159e-02, 4.17317638e-02, 4.19034643e-02, 4.20751169e-02,
       4.22467209e-02, 4.24182758e-02, 4.25897811e-02, 4.27612360e-02,
       4.29326401e-02, 4.31039928e-02, 4.32752934e-02, 4.34465414e-02,
       4.36177361e-02, 4.37888771e-02, 4.39599637e-02, 4.41309952e-02,
       4.43019711e-02, 4.44728907e-02, 4.46437535e-02, 4.48145588e-02,
       4.49853060e-02, 4.51559944e-02, 4.53266234e-02, 4.54971924e-02,
       4.56677007e-02, 4.58381476e-02, 4.60085326e-02, 4.61788549e-02,
       4.63491138e-02, 4.65193087e-02, 4.66894390e-02, 4.68595039e-02,
       4.70295027e-02, 4.71994348e-02, 4.73692995e-02, 4.75390961e-02,
       4.77088239e-02, 4.78784822e-02, 4.80480702e-02, 4.82175874e-02,
       4.83870330e-02, 4.85564063e-02, 4.87257067e-02, 4.88949333e-02,
       4.90640856e-02, 4.92331628e-02, 4.94021643e-02, 4.95710893e-02,
       4.97399371e-02, 4.99087072e-02, 5.00773988e-02, 5.02460112e-02,
       5.04145437e-02, 5.05829957e-02, 5.07513666e-02, 5.09196556e-02,
       5.10878621e-02, 5.12559855e-02, 5.14240250e-02, 5.15919801e-02,
       5.17598502e-02, 5.19276345e-02, 5.20953326e-02, 5.22629437e-02,
       5.24304673e-02, 5.25979027e-02, 5.27652494e-02, 5.29325069e-02,
       5.30996744e-02, 5.32667516e-02, 5.34337377e-02, 5.36006323e-02,
       5.37674348e-02, 5.39341448e-02, 5.41007616e-02, 5.42672849e-02,
       5.44337140e-02, 5.46000486e-02, 5.47662881e-02, 5.49324322e-02,
       5.50984802e-02, 5.52644319e-02, 5.54302868e-02, 5.55960444e-02,
       5.57617045e-02, 5.59272665e-02, 5.60927301e-02, 5.62580951e-02,
       5.64233609e-02, 5.65885274e-02, 5.67535942e-02, 5.69185611e-02,
       5.70834277e-02, 5.72481938e-02, 5.74128592e-02, 5.75774236e-02,
       5.77418868e-02, 5.79062487e-02, 5.80705089e-02, 5.82346675e-02,
       5.83987243e-02, 5.85626790e-02, 5.87265317e-02, 5.88902823e-02,
       5.90539306e-02, 5.92174766e-02, 5.93809204e-02, 5.95442617e-02,
       5.97075008e-02, 5.98706375e-02, 6.00336719e-02, 6.01966041e-02,
       6.03594341e-02, 6.05221621e-02, 6.06847881e-02, 6.08473122e-02,
       6.10097347e-02, 6.11720556e-02, 6.13342752e-02, 6.14963936e-02,
       6.16584110e-02, 6.18203277e-02, 6.19821440e-02, 6.21438600e-02,
       6.23054761e-02, 6.24669925e-02, 6.26284096e-02, 6.27897277e-02,
       6.29509471e-02, 6.31120681e-02, 6.32730912e-02, 6.34340166e-02,
       6.35948449e-02, 6.37555763e-02, 6.39162113e-02, 6.40767504e-02,
       6.42371939e-02, 6.43975423e-02, 6.45577961e-02, 6.47179557e-02,
       6.48780215e-02, 6.50379942e-02, 6.51978741e-02, 6.53576618e-02,
       6.55173577e-02, 6.56769624e-02, 6.58364764e-02, 6.59959002e-02,
       6.61552342e-02, 6.63144791e-02, 6.64736354e-02, 6.66327036e-02,
       6.67916842e-02, 6.69505778e-02, 6.71093850e-02, 6.72681062e-02,
       6.74267421e-02, 6.75852932e-02, 6.77437599e-02, 6.79021430e-02,
       6.80604428e-02, 6.82186599e-02, 6.83767950e-02, 6.85348484e-02,
       6.86928208e-02, 6.88507127e-02, 6.90085246e-02, 6.91662570e-02,
       6.93239106e-02, 6.94814857e-02, 6.96389829e-02, 6.97964027e-02,
       6.99537457e-02, 7.01110123e-02, 7.02682030e-02, 7.04253183e-02,
       7.05823588e-02, 7.07393248e-02, 7.08962168e-02, 7.10530354e-02,
       7.12097810e-02, 7.13664540e-02, 7.15230550e-02, 7.16795843e-02,
       7.18360425e-02, 7.19924298e-02, 7.21487469e-02, 7.23049941e-02,
       7.24611719e-02, 7.26172806e-02, 7.27733206e-02, 7.29292924e-02,
       7.30851964e-02, 7.32410329e-02, 7.33968023e-02, 7.35525050e-02,
       7.37081414e-02, 7.38637118e-02, 7.40192167e-02, 7.41746564e-02,
       7.43300311e-02, 7.44853414e-02, 7.46405874e-02, 7.47957696e-02,
       7.49508883e-02, 7.51059438e-02, 7.52609364e-02, 7.54158665e-02,
       7.55707343e-02, 7.57255402e-02, 7.58802844e-02, 7.60349672e-02,
       7.61895890e-02, 7.63441501e-02, 7.64986506e-02, 7.66530909e-02,
       7.68074712e-02, 7.69617918e-02, 7.71160531e-02, 7.72702551e-02,
       7.74243983e-02, 7.75784828e-02, 7.77325089e-02, 7.78864769e-02,
       7.80403871e-02, 7.81942396e-02, 7.83480347e-02, 7.85017727e-02,
       7.86554539e-02, 7.88090785e-02, 7.89626467e-02, 7.91161588e-02,
       7.92696151e-02, 7.94230158e-02, 7.95763612e-02, 7.97296515e-02,
       7.98828869e-02, 8.00360678e-02, 8.01891943e-02, 8.03422668e-02,
       8.04952855e-02, 8.06482507e-02, 8.08011627e-02, 8.09540217e-02,
       8.11068279e-02, 8.12595818e-02, 8.14122836e-02, 8.15649335e-02,
       8.17175319e-02, 8.18700789e-02, 8.20225751e-02, 8.21750205e-02,
       8.23274156e-02, 8.24797606e-02, 8.26320558e-02, 8.27843016e-02,
       8.29364982e-02, 8.30886459e-02, 8.32407451e-02, 8.33927961e-02,
       8.35447991e-02, 8.36967544e-02, 8.38486624e-02, 8.40005233e-02,
       8.41523375e-02, 8.43041052e-02, 8.44558268e-02, 8.46075024e-02,
       8.47591325e-02, 8.49107173e-02, 8.50622570e-02, 8.52137519e-02,
       8.53652024e-02, 8.55166087e-02, 8.56679709e-02, 8.58192895e-02,
       8.59705647e-02, 8.61217967e-02, 8.62729857e-02, 8.64241320e-02,
       8.65752358e-02, 8.67262975e-02, 8.68773171e-02, 8.70282949e-02,
       8.71792312e-02, 8.73301262e-02, 8.74809800e-02, 8.76317928e-02,
       8.77825650e-02, 8.79332967e-02, 8.80839880e-02, 8.82346393e-02,
       8.83852506e-02, 8.85358222e-02, 8.86863542e-02, 8.88368468e-02,
       8.89873002e-02, 8.91377146e-02, 8.92880902e-02, 8.94384271e-02,
       8.95887255e-02, 8.97389856e-02, 8.98892076e-02, 9.00393916e-02,
       9.01895379e-02, 9.03396464e-02, 9.04897176e-02, 9.06397514e-02,
       9.07897481e-02, 9.09397078e-02, 9.10896308e-02, 9.12395171e-02,
       9.13893671e-02, 9.15391807e-02, 9.16889583e-02, 9.18387000e-02,
       9.19884060e-02, 9.21380764e-02, 9.22877114e-02, 9.24373112e-02,
       9.25868761e-02, 9.27364061e-02, 9.28859015e-02, 9.30353624e-02,
       9.31847891e-02, 9.33341817e-02, 9.34835404e-02, 9.36328654e-02,
       9.37821570e-02, 9.39314153e-02, 9.40806405e-02, 9.42298329e-02,
       9.43789926e-02, 9.45281199e-02, 9.46772150e-02, 9.48262781e-02,
       9.49753094e-02, 9.51243092e-02, 9.52732777e-02, 9.54222150e-02,
       9.55711215e-02, 9.57199974e-02, 9.58688428e-02, 9.60176581e-02,
       9.61664435e-02, 9.63151992e-02, 9.64639255e-02, 9.66126226e-02,
       9.67612908e-02, 9.69099303e-02, 9.70585414e-02, 9.72071244e-02,
       9.73556794e-02, 9.75042068e-02, 9.76527067e-02, 9.78011795e-02,
       9.79496255e-02, 9.80980447e-02, 9.82464376e-02, 9.83948044e-02,
       9.85431452e-02, 9.86914603e-02, 9.88397501e-02, 9.89880146e-02,
       9.91362540e-02, 9.92844687e-02, 9.94326588e-02, 9.95808245e-02,
       9.97289660e-02, 9.98770834e-02, 1.00025177e-01, 1.00173247e-01,
       1.00321293e-01, 1.00469316e-01, 1.00617315e-01, 1.00765291e-01,
       1.00913244e-01, 1.01061173e-01, 1.01209080e-01, 1.01356963e-01,
       1.01504824e-01, 1.01652661e-01, 1.01800475e-01, 1.01948267e-01,
       1.02096034e-01, 1.02243779e-01, 1.02391501e-01, 1.02539198e-01,
       1.02686873e-01, 1.02834523e-01, 1.02982149e-01, 1.03129752e-01,
       1.03277330e-01, 1.03424883e-01, 1.03572411e-01, 1.03719914e-01,
       1.03867392e-01, 1.04014844e-01, 1.04162269e-01, 1.04309668e-01,
       1.04457040e-01, 1.04604385e-01, 1.04751702e-01, 1.04898991e-01,
       1.05046251e-01, 1.05193482e-01, 1.05340684e-01, 1.05487855e-01,
       1.05634996e-01, 1.05782106e-01, 1.05929184e-01, 1.06076230e-01,
       1.06223244e-01, 1.06370223e-01, 1.06517169e-01, 1.06664081e-01,
       1.06810957e-01, 1.06957798e-01, 1.07104602e-01, 1.07251370e-01,
       1.07398099e-01, 1.07544791e-01, 1.07691444e-01, 1.07838057e-01,
       1.07984630e-01, 1.08131163e-01, 1.08277654e-01, 1.08424103e-01,
       1.08570510e-01, 1.08716873e-01, 1.08863192e-01, 1.09009467e-01,
       1.09155697e-01, 1.09301881e-01, 1.09448018e-01, 1.09594109e-01,
       1.09740152e-01, 1.09886147e-01, 1.10032093e-01, 1.10177990e-01,
       1.10323837e-01, 1.10469634e-01, 1.10615380e-01, 1.10761074e-01,
       1.10906716e-01, 1.11052306e-01, 1.11197843e-01, 1.11343327e-01,
       1.11488756e-01, 1.11634132e-01, 1.11779452e-01, 1.11924718e-01,
       1.12069928e-01, 1.12215082e-01, 1.12360179e-01, 1.12505221e-01,
       1.12650205e-01, 1.12795132e-01, 1.12940002e-01, 1.13084814e-01,
       1.13229568e-01, 1.13374264e-01, 1.13518901e-01, 1.13663480e-01,
       1.13808001e-01, 1.13952462e-01, 1.14096865e-01, 1.14241209e-01,
       1.14385494e-01, 1.14529719e-01, 1.14673886e-01, 1.14817994e-01,
       1.14962043e-01, 1.15106033e-01, 1.15249964e-01, 1.15393836e-01,
       1.15537650e-01, 1.15681406e-01, 1.15825103e-01, 1.15968743e-01,
       1.16112325e-01, 1.16255849e-01, 1.16399316e-01, 1.16542726e-01,
       1.16686079e-01, 1.16829376e-01, 1.16972617e-01, 1.17115802e-01,
       1.17258932e-01, 1.17402007e-01, 1.17545027e-01, 1.17687993e-01,
       1.17830906e-01, 1.17973765e-01, 1.18116571e-01, 1.18259324e-01,
       1.18402026e-01, 1.18544676e-01, 1.18687274e-01, 1.18829822e-01,
       1.18972320e-01, 1.19114767e-01, 1.19257166e-01, 1.19399515e-01,
       1.19541816e-01, 1.19684068e-01, 1.19826274e-01, 1.19968432e-01,
       1.20110543e-01, 1.20252608e-01, 1.20394627e-01, 1.20536600e-01,
       1.20678529e-01, 1.20820413e-01, 1.20962252e-01, 1.21104047e-01,
       1.21245799e-01, 1.21387508e-01, 1.21529174e-01, 1.21670797e-01,
       1.21812378e-01, 1.21953917e-01, 1.22095414e-01, 1.22236870e-01,
       1.22378285e-01, 1.22519659e-01, 1.22660992e-01, 1.22802285e-01,
       1.22943538e-01, 1.23084751e-01, 1.23225923e-01, 1.23367057e-01,
       1.23508150e-01, 1.23649204e-01, 1.23790218e-01, 1.23931194e-01,
       1.24072130e-01, 1.24213027e-01, 1.24353885e-01, 1.24494704e-01,
       1.24635484e-01, 1.24776224e-01, 1.24916926e-01, 1.25057589e-01,
       1.25198212e-01, 1.25338796e-01, 1.25479341e-01, 1.25619846e-01,
       1.25760312e-01, 1.25900738e-01, 1.26041124e-01, 1.26181470e-01,
       1.26321776e-01, 1.26462041e-01, 1.26602266e-01, 1.26742449e-01,
       1.26882592e-01, 1.27022693e-01, 1.27162752e-01, 1.27302769e-01,
       1.27442743e-01, 1.27582676e-01, 1.27722565e-01, 1.27862410e-01,
       1.28002212e-01, 1.28141970e-01, 1.28281683e-01, 1.28421351e-01])


vacf_mean
time vs vacf_mean

vacf_mean =
array([ 7.60370182e-01,  7.60305943e-01,  7.60194108e-01,  7.60034708e-01,
        7.59827761e-01,  7.59573321e-01,  7.59271425e-01,  7.58922129e-01,
        7.58525496e-01,  7.58081619e-01,  7.57590561e-01,  7.57052435e-01,
        7.56467366e-01,  7.55835446e-01,  7.55156819e-01,  7.54431603e-01,
        7.53659943e-01,  7.52841996e-01,  7.51977946e-01,  7.51067946e-01,
        7.50112187e-01,  7.49110866e-01,  7.48064172e-01,  7.46972298e-01,
        7.45835473e-01,  7.44653939e-01,  7.43427937e-01,  7.42157689e-01,
        7.40843470e-01,  7.39485545e-01,  7.38084163e-01,  7.36639627e-01,
        7.35152234e-01,  7.33622246e-01,  7.32049984e-01,  7.30435740e-01,
        7.28779858e-01,  7.27082654e-01,  7.25344464e-01,  7.23565622e-01,
        7.21746475e-01,  7.19887368e-01,  7.17988674e-01,  7.16050766e-01,
        7.14074007e-01,  7.12058784e-01,  7.10005511e-01,  7.07914573e-01,
        7.05786362e-01,  7.03621271e-01,  7.01419727e-01,  6.99182143e-01,
        6.96908945e-01,  6.94600574e-01,  6.92257439e-01,  6.89879984e-01,
        6.87468646e-01,  6.85023881e-01,  6.82546136e-01,  6.80035847e-01,
        6.77493488e-01,  6.74919526e-01,  6.72314433e-01,  6.69678641e-01,
        6.67012641e-01,  6.64316892e-01,  6.61591883e-01,  6.58838063e-01,
        6.56055921e-01,  6.53245937e-01,  6.50408581e-01,  6.47544332e-01,
        6.44653664e-01,  6.41737071e-01,  6.38795045e-01,  6.35828067e-01,
        6.32836612e-01,  6.29821160e-01,  6.26782193e-01,  6.23720190e-01,
        6.20635620e-01,  6.17528965e-01,  6.14400714e-01,  6.11251333e-01,
        6.08081304e-01,  6.04891104e-01,  6.01681197e-01,  5.98452054e-01,
        5.95204140e-01,  5.91937921e-01,  5.88653872e-01,  5.85352446e-01,
        5.82034113e-01,  5.78699308e-01,  5.75348493e-01,  5.71982136e-01,
        5.68600671e-01,  5.65204552e-01,  5.61794228e-01,  5.58370129e-01,
        5.54932712e-01,  5.51482415e-01,  5.48019661e-01,  5.44544876e-01,
        5.41058484e-01,  5.37560913e-01,  5.34052588e-01,  5.30533946e-01,
        5.27005400e-01,  5.23467370e-01,  5.19920237e-01,  5.16364435e-01,
        5.12800367e-01,  5.09228444e-01,  5.05649054e-01,  5.02062612e-01,
        4.98469499e-01,  4.94870116e-01,  4.91264856e-01,  4.87654096e-01,
        4.84038226e-01,  4.80417627e-01,  4.76792676e-01,  4.73163747e-01,
        4.69531227e-01,  4.65895472e-01,  4.62256856e-01,  4.58615758e-01,
        4.54972532e-01,  4.51327531e-01,  4.47681108e-01,  4.44033623e-01,
        4.40385424e-01,  4.36736872e-01,  4.33088288e-01,  4.29440020e-01,
        4.25792393e-01,  4.22145737e-01,  4.18500393e-01,  4.14856683e-01,
        4.11214924e-01,  4.07575456e-01,  4.03938592e-01,  4.00304632e-01,
        3.96673884e-01,  3.93046663e-01,  3.89423266e-01,  3.85803996e-01,
        3.82189151e-01,  3.78579025e-01,  3.74973917e-01,  3.71374095e-01,
        3.67779863e-01,  3.64191479e-01,  3.60609225e-01,  3.57033356e-01,
        3.53464155e-01,  3.49901890e-01,  3.46346845e-01,  3.42799243e-01,
        3.39259358e-01,  3.35727440e-01,  3.32203730e-01,  3.28688468e-01,
        3.25181897e-01,  3.21684243e-01,  3.18195744e-01,  3.14716635e-01,
        3.11247146e-01,  3.07787483e-01,  3.04337872e-01,  3.00898531e-01,
        2.97469669e-01,  2.94051503e-01,  2.90644242e-01,  2.87248091e-01,
        2.83863249e-01,  2.80489906e-01,  2.77128263e-01,  2.73778493e-01,
        2.70440796e-01,  2.67115333e-01,  2.63802310e-01,  2.60501911e-01,
        2.57214290e-01,  2.53939619e-01,  2.50678084e-01,  2.47429840e-01,
        2.44195039e-01,  2.40973848e-01,  2.37766416e-01,  2.34572892e-01,
        2.31393439e-01,  2.28228191e-01,  2.25077307e-01,  2.21940916e-01,
        2.18819162e-01,  2.15712204e-01,  2.12620176e-01,  2.09543203e-01,
        2.06481417e-01,  2.03434940e-01,  2.00403920e-01,  1.97388460e-01,
        1.94388673e-01,  1.91404701e-01,  1.88436657e-01,  1.85484661e-01,
        1.82548820e-01,  1.79629232e-01,  1.76726026e-01,  1.73839308e-01,
        1.70969169e-01,  1.68115713e-01,  1.65279035e-01,  1.62459242e-01,
        1.59656417e-01,  1.56870648e-01,  1.54102029e-01,  1.51350665e-01,
        1.48616616e-01,  1.45899973e-01,  1.43200816e-01,  1.40519237e-01,
        1.37855313e-01,  1.35209114e-01,  1.32580727e-01,  1.29970207e-01,
        1.27377626e-01,  1.24803052e-01,  1.22246548e-01,  1.19708172e-01,
        1.17187977e-01,  1.14686019e-01,  1.12202345e-01,  1.09737009e-01,
        1.07290061e-01,  1.04861540e-01,  1.02451488e-01,  1.00059972e-01,
        9.76870162e-02,  9.53326662e-02,  9.29969350e-02,  9.06798692e-02,
        8.83814875e-02,  8.61018133e-02,  8.38408964e-02,  8.15987490e-02,
        7.93753720e-02,  7.71707997e-02,  7.49850408e-02,  7.28180959e-02,
        7.06699962e-02,  6.85407395e-02,  6.64303238e-02,  6.43387489e-02,
        6.22660129e-02,  6.02121220e-02,  5.81770654e-02,  5.61608372e-02,
        5.41634290e-02,  5.21848170e-02,  5.02250010e-02,  4.82839706e-02,
        4.63616943e-02,  4.44581492e-02,  4.25733234e-02,  4.07071889e-02,
        3.88597178e-02,  3.70308766e-02,  3.52206391e-02,  3.34289637e-02,
        3.16558164e-02,  2.99011802e-02,  2.81650105e-02,  2.64472655e-02,
        2.47478962e-02,  2.30668631e-02,  2.14041290e-02,  1.97596433e-02,
        1.81333454e-02,  1.65251943e-02,  1.49351343e-02,  1.33631131e-02,
        1.18090857e-02,  1.02729762e-02,  8.75474009e-03,  7.25430834e-03,
        5.77163107e-03,  4.30663701e-03,  2.85925714e-03,  1.42942207e-03,
        1.70647288e-05, -1.37786550e-03, -2.75545524e-03, -4.11576964e-03,
       -5.45889850e-03, -6.78491092e-03, -8.09387926e-03, -9.38588744e-03,
       -1.06610041e-02, -1.19193245e-02, -1.31609171e-02, -1.43858810e-02,
       -1.55942991e-02, -1.67862454e-02, -1.79618312e-02, -1.91211281e-02,
       -2.02642188e-02, -2.13911914e-02, -2.25021406e-02, -2.35971637e-02,
       -2.46763538e-02, -2.57397932e-02, -2.67875752e-02, -2.78198030e-02,
       -2.88365803e-02, -2.98379935e-02, -3.08241446e-02, -3.17951230e-02,
       -3.27510379e-02, -3.36919852e-02, -3.46180856e-02, -3.55294278e-02,
       -3.64260994e-02, -3.73082252e-02, -3.81758937e-02, -3.90292085e-02,
       -3.98682678e-02, -4.06931835e-02, -4.15040608e-02, -4.23010059e-02,
       -4.30841145e-02, -4.38534956e-02, -4.46092440e-02, -4.53514555e-02,
       -4.60802373e-02, -4.67956972e-02, -4.74979412e-02, -4.81870793e-02,
       -4.88632138e-02, -4.95264518e-02, -5.01768979e-02, -5.08146447e-02,
       -5.14398075e-02, -5.20524775e-02, -5.26527723e-02, -5.32407994e-02,
       -5.38166719e-02, -5.43804840e-02, -5.49323448e-02, -5.54723659e-02,
       -5.60006466e-02, -5.65172906e-02, -5.70223954e-02, -5.75160798e-02,
       -5.79984433e-02, -5.84695903e-02, -5.89296318e-02, -5.93786687e-02,
       -5.98168079e-02, -6.02441468e-02, -6.06608010e-02, -6.10668744e-02,
       -6.14624771e-02, -6.18477048e-02, -6.22226496e-02, -6.25874278e-02,
       -6.29421477e-02, -6.32869186e-02, -6.36218272e-02, -6.39469811e-02,
       -6.42624972e-02, -6.45684692e-02, -6.48649998e-02, -6.51521921e-02,
       -6.54301421e-02, -6.56989437e-02, -6.59587100e-02, -6.62095340e-02,
       -6.64515239e-02, -6.66847603e-02, -6.69093505e-02, -6.71253835e-02,
       -6.73329786e-02, -6.75322301e-02, -6.77232409e-02, -6.79060968e-02,
       -6.80809064e-02, -6.82477426e-02, -6.84067055e-02, -6.85579045e-02,
       -6.87014128e-02, -6.88373415e-02, -6.89657699e-02, -6.90867879e-02,
       -6.92004777e-02, -6.93069423e-02, -6.94062506e-02, -6.94984810e-02,
       -6.95837259e-02, -6.96620923e-02, -6.97336473e-02, -6.97984742e-02,
       -6.98566622e-02, -6.99082671e-02, -6.99533957e-02, -6.99921174e-02,
       -7.00245144e-02, -7.00506680e-02, -7.00706586e-02, -7.00845650e-02,
       -7.00924628e-02, -7.00944230e-02, -7.00905232e-02, -7.00808354e-02,
       -7.00654300e-02, -7.00443908e-02, -7.00177793e-02, -6.99856830e-02,
       -6.99481698e-02, -6.99052915e-02, -6.98571351e-02, -6.98037837e-02,
       -6.97452912e-02, -6.96817441e-02, -6.96131951e-02, -6.95397236e-02,
       -6.94613996e-02, -6.93782904e-02, -6.92904671e-02, -6.91979864e-02,
       -6.91009327e-02, -6.89993642e-02, -6.88933359e-02, -6.87829338e-02,
       -6.86682208e-02, -6.85492640e-02, -6.84261423e-02, -6.82989176e-02,
       -6.81676712e-02, -6.80324720e-02, -6.78933777e-02, -6.77504545e-02,
       -6.76037688e-02, -6.74533993e-02, -6.72994121e-02, -6.71418832e-02,
       -6.69808783e-02, -6.68164478e-02, -6.66486716e-02, -6.64776105e-02,
       -6.63033258e-02, -6.61259029e-02, -6.59454015e-02, -6.57619005e-02,
       -6.55754656e-02, -6.53861592e-02, -6.51940530e-02, -6.49992168e-02,
       -6.48017159e-02, -6.46016188e-02, -6.43989973e-02, -6.41939149e-02,
       -6.39864292e-02, -6.37766243e-02, -6.35645569e-02, -6.33502868e-02,
       -6.31338722e-02, -6.29153725e-02, -6.26948596e-02, -6.24723904e-02,
       -6.22480218e-02, -6.20218205e-02, -6.17938543e-02, -6.15641897e-02,
       -6.13328817e-02, -6.10999836e-02, -6.08655588e-02, -6.06296658e-02,
       -6.03923582e-02, -6.01536699e-02, -5.99136732e-02, -5.96724122e-02,
       -5.94299434e-02, -5.91863234e-02, -5.89415986e-02, -5.86958067e-02,
       -5.84490130e-02, -5.82012680e-02, -5.79526198e-02, -5.77031169e-02,
       -5.74527969e-02, -5.72017094e-02, -5.69498938e-02, -5.66974061e-02,
       -5.64442933e-02, -5.61905775e-02, -5.59362993e-02, -5.56814995e-02,
       -5.54262178e-02, -5.51704985e-02, -5.49143744e-02, -5.46578834e-02,
       -5.44010641e-02, -5.41439668e-02, -5.38866200e-02, -5.36290594e-02,
       -5.33713310e-02, -5.31134642e-02, -5.28554847e-02, -5.25974191e-02,
       -5.23393164e-02, -5.20812037e-02, -5.18230904e-02, -5.15650214e-02,
       -5.13070311e-02, -5.10491496e-02, -5.07914002e-02, -5.05338107e-02,
       -5.02764175e-02, -5.00192304e-02, -4.97622927e-02, -4.95056121e-02,
       -4.92492048e-02, -4.89931169e-02, -4.87373702e-02, -4.84819725e-02,
       -4.82269497e-02, -4.79723185e-02, -4.77181098e-02, -4.74643290e-02,
       -4.72109935e-02, -4.69581255e-02, -4.67057383e-02, -4.64538462e-02,
       -4.62024783e-02, -4.59516280e-02, -4.57013088e-02, -4.54515386e-02,
       -4.52023348e-02, -4.49537117e-02, -4.47056779e-02, -4.44582446e-02,
       -4.42114245e-02, -4.39652285e-02, -4.37196648e-02, -4.34747462e-02,
       -4.32304763e-02, -4.29868747e-02, -4.27439432e-02, -4.25016817e-02,
       -4.22601071e-02, -4.20192367e-02, -4.17790687e-02, -4.15396165e-02,
       -4.13008810e-02, -4.10628863e-02, -4.08256437e-02, -4.05891531e-02,
       -4.03534257e-02, -4.01184752e-02, -3.98843110e-02, -3.96509480e-02,
       -3.94183920e-02, -3.91866451e-02, -3.89557307e-02, -3.87256573e-02,
       -3.84964275e-02, -3.82680339e-02, -3.80405011e-02, -3.78138299e-02,
       -3.75880480e-02, -3.73631675e-02, -3.71391888e-02, -3.69161254e-02,
       -3.66940006e-02, -3.64728176e-02, -3.62525880e-02, -3.60333124e-02,
       -3.58150046e-02, -3.55976815e-02, -3.53813537e-02, -3.51660326e-02,
       -3.49517394e-02, -3.47385045e-02, -3.45263128e-02, -3.43151798e-02,
       -3.41051151e-02, -3.38961331e-02, -3.36882503e-02, -3.34814762e-02,
       -3.32758294e-02, -3.30713061e-02, -3.28679424e-02, -3.26657459e-02,
       -3.24647159e-02, -3.22648701e-02, -3.20662453e-02, -3.18688381e-02,
       -3.16726418e-02, -3.14776858e-02, -3.12839779e-02, -3.10915240e-02,
       -3.09003405e-02, -3.07104468e-02, -3.05218459e-02, -3.03345438e-02,
       -3.01485554e-02, -2.99638768e-02, -2.97805398e-02, -2.95985381e-02,
       -2.94178742e-02, -2.92385609e-02, -2.90606057e-02, -2.88840299e-02,
       -2.87088428e-02, -2.85350472e-02, -2.83626386e-02, -2.81916258e-02,
       -2.80220065e-02, -2.78537971e-02, -2.76870042e-02, -2.75216359e-02,
       -2.73576933e-02, -2.71951878e-02, -2.70341211e-02, -2.68744877e-02,
       -2.67162952e-02, -2.65595430e-02, -2.64042248e-02, -2.62503412e-02,
       -2.60979045e-02, -2.59469100e-02, -2.57973606e-02, -2.56492661e-02,
       -2.55026161e-02, -2.53574133e-02, -2.52136526e-02, -2.50713336e-02,
       -2.49304589e-02, -2.47910375e-02, -2.46530549e-02, -2.45165213e-02,
       -2.43814353e-02, -2.42477855e-02, -2.41155920e-02, -2.39848338e-02,
       -2.38555305e-02, -2.37276710e-02, -2.36012490e-02, -2.34762691e-02,
       -2.33527216e-02, -2.32306023e-02, -2.31099156e-02, -2.29906478e-02,
       -2.28728006e-02, -2.27563754e-02, -2.26413567e-02, -2.25277607e-02,
       -2.24155765e-02, -2.23047960e-02, -2.21954181e-02, -2.20874564e-02,
       -2.19808961e-02, -2.18757334e-02, -2.17719534e-02, -2.16695545e-02,
       -2.15685274e-02, -2.14688729e-02, -2.13705993e-02, -2.12736865e-02,
       -2.11781233e-02, -2.10839139e-02, -2.09910424e-02, -2.08995024e-02,
       -2.08092894e-02, -2.07203837e-02, -2.06327866e-02, -2.05464914e-02,
       -2.04614873e-02, -2.03777585e-02, -2.02953056e-02, -2.02141145e-02,
       -2.01341778e-02, -2.00554747e-02, -1.99779936e-02, -1.99017255e-02,
       -1.98266500e-02, -1.97527596e-02, -1.96800553e-02, -1.96085187e-02,
       -1.95381417e-02, -1.94689042e-02, -1.94008114e-02, -1.93338420e-02,
       -1.92679804e-02, -1.92032119e-02, -1.91395379e-02, -1.90769411e-02,
       -1.90153985e-02, -1.89549034e-02, -1.88954376e-02, -1.88369987e-02,
       -1.87795775e-02, -1.87231506e-02, -1.86677130e-02, -1.86132557e-02,
       -1.85597613e-02, -1.85072214e-02, -1.84556206e-02, -1.84049481e-02,
       -1.83551985e-02, -1.83063525e-02, -1.82584087e-02, -1.82113638e-02,
       -1.81652109e-02, -1.81199268e-02, -1.80755119e-02, -1.80319537e-02,
       -1.79892511e-02, -1.79473974e-02, -1.79063648e-02, -1.78661623e-02,
       -1.78267800e-02, -1.77882156e-02, -1.77504521e-02, -1.77134867e-02,
       -1.76772999e-02, -1.76418975e-02, -1.76072675e-02, -1.75733999e-02,
       -1.75402906e-02, -1.75079417e-02, -1.74763292e-02, -1.74454507e-02,
       -1.74153126e-02, -1.73858871e-02, -1.73571769e-02, -1.73291729e-02,
       -1.73018680e-02, -1.72752588e-02, -1.72493315e-02, -1.72240860e-02,
       -1.71995062e-02, -1.71755744e-02, -1.71523028e-02, -1.71296657e-02,
       -1.71076657e-02, -1.70862970e-02, -1.70655420e-02, -1.70453948e-02,
       -1.70258573e-02, -1.70069077e-02, -1.69885482e-02, -1.69707551e-02,
       -1.69535204e-02, -1.69368404e-02, -1.69207078e-02, -1.69051076e-02,
       -1.68900388e-02, -1.68755040e-02, -1.68614842e-02, -1.68479705e-02,
       -1.68349367e-02, -1.68223840e-02, -1.68103026e-02, -1.67986867e-02,
       -1.67875254e-02, -1.67768101e-02, -1.67665324e-02, -1.67566759e-02,
       -1.67472448e-02, -1.67382159e-02, -1.67295910e-02, -1.67213460e-02,
       -1.67134833e-02, -1.67059761e-02, -1.66988293e-02, -1.66920245e-02,
       -1.66855547e-02, -1.66794047e-02, -1.66735548e-02, -1.66679924e-02,
       -1.66627099e-02, -1.66576870e-02, -1.66529169e-02, -1.66483904e-02,
       -1.66440813e-02, -1.66399894e-02, -1.66360947e-02, -1.66323796e-02,
       -1.66288363e-02, -1.66254471e-02, -1.66221937e-02, -1.66190660e-02,
       -1.66160326e-02, -1.66130932e-02, -1.66102358e-02, -1.66074442e-02,
       -1.66046982e-02, -1.66019726e-02, -1.65992586e-02, -1.65965449e-02,
       -1.65938017e-02, -1.65910096e-02, -1.65881517e-02, -1.65852120e-02,
       -1.65821684e-02, -1.65790101e-02, -1.65757170e-02, -1.65722709e-02,
       -1.65686698e-02, -1.65648886e-02, -1.65609236e-02, -1.65567551e-02,
       -1.65523665e-02, -1.65477420e-02, -1.65428777e-02, -1.65377627e-02,
       -1.65323852e-02, -1.65267235e-02, -1.65207664e-02, -1.65144988e-02,
       -1.65079063e-02, -1.65009772e-02, -1.64937088e-02, -1.64860946e-02,
       -1.64781273e-02, -1.64697910e-02, -1.64610881e-02, -1.64520116e-02,
       -1.64425429e-02, -1.64326910e-02, -1.64224450e-02, -1.64117782e-02,
       -1.64007078e-02, -1.63892194e-02, -1.63773146e-02, -1.63649970e-02,
       -1.63522647e-02, -1.63391136e-02, -1.63255443e-02, -1.63115516e-02,
       -1.62971340e-02, -1.62822967e-02, -1.62670476e-02, -1.62513693e-02,
       -1.62352706e-02, -1.62187607e-02, -1.62018426e-02, -1.61845099e-02,
       -1.61667770e-02, -1.61486320e-02, -1.61300878e-02, -1.61111421e-02,
       -1.60917969e-02, -1.60720532e-02, -1.60519233e-02, -1.60314039e-02,
       -1.60105049e-02, -1.59892194e-02, -1.59675644e-02, -1.59455256e-02,
       -1.59231204e-02, -1.59003401e-02, -1.58771756e-02, -1.58536413e-02,
       -1.58297445e-02, -1.58054775e-02, -1.57808528e-02, -1.57558718e-02,
       -1.57305371e-02, -1.57048597e-02, -1.56788353e-02, -1.56524737e-02,
       -1.56257695e-02, -1.55987230e-02, -1.55713493e-02, -1.55436426e-02,
       -1.55155960e-02, -1.54872142e-02, -1.54585088e-02, -1.54294795e-02,
       -1.54001265e-02, -1.53704507e-02, -1.53404591e-02, -1.53101454e-02,
       -1.52795197e-02, -1.52485861e-02, -1.52173353e-02, -1.51857790e-02,
       -1.51538959e-02, -1.51217027e-02, -1.50891879e-02, -1.50563547e-02,
       -1.50232159e-02, -1.49897713e-02, -1.49560148e-02, -1.49219486e-02])
