-3.134136876139254
-2.9388107689722984
-3.0973355747580666
-2.92203785373807
-3.0617041055726197
-3.0911925131138345
-3.1646871993447725
-3.277420076582037
-3.1687568261781625
-3.2390685693884267
-3.0975649141373593
-3.1875701667235234
-3.1758901947613625
-3.172084293673738
-3.126826388051328
-3.130305529995244
-3.2806795299406146
-3.1396881976102287
-3.065861772748481
-3.1207199252107034
-3.1336261084570465
-3.243500860938707
-3.1836174294054107
-3.189639032143648
-3.12422178530326
-3.1976635126291217
-3.153880227686076
-3.0087126737329406
-3.0972656878057223
-3.1780400687376558
-3.1080474548820227
-3.078903248598017
-3.0119390326978333
-3.188910603961783
-3.022249399751487
-3.0312623218346153
-3.049208918170869
-3.064952583335923
-3.174000827221928
-3.163238069183963
-3.1104157796584913
-3.2123028843121038
-3.3046227142841813
-3.082812765712995
-3.223703409670248
-3.2091008456383627
-3.164767258222393
-3.2484928609413743
-3.011910281910254
-3.029530310922104
-3.2337445807619485
-3.284453563814891
-3.249707591795961
-3.0329219381977204
-3.066906635642247
-3.1099393281105496
-3.147210818987562
-3.2400272332974946
-3.2291873990474134
-3.219986606625511
-3.188497622873476
-3.178408544038196
-3.2022225011072214
-3.1608757135490686
-2.9750990188289204
-3.0960340332635017
-3.1130538151666034
-3.078871913238706
-3.2051379710788632
-3.1863660795988342
-3.085784745005473
-3.1813362594611254
-3.1444168545605877
-3.096746963199382
-3.2014923016196093
-3.2116150352438178
-3.1401189904342086
-3.253254677180664
-3.2462480911820175
-3.1091330326166595
-3.023266764452126
-3.2322731874986204
-3.071166950261522
-3.0815075914269734
-3.302391913752107
-3.245155561634907
-3.311543208444429
-3.2575558787838634
-3.1091058234906526
-3.140143407321046
-3.039879541622128
-3.1705997081767863
-3.2535285850048177
-3.240041114203569
-3.226918487005605
-3.1066512170558926
-3.200277741404757
-3.3243650865927203
-3.194258266315949
-3.1196305697918296
-3.0430680260494913
-3.1519469434570646
-3.2176178001568383
-3.3149857841431523
-3.320605866522907
-3.020511417861195
-2.973360237232114
-3.0757113528846944
-3.0511164646532776
-3.238245914328499
-3.2509853448188024
-3.082866359573359
-3.218515815462165
-2.9926768300436244
-3.2076512754302065
-3.053400995276366
-3.110699160939514
-3.333456529572132
-3.338911603414605
-3.1316799245813964
-3.195326989037623
-3.1708211490120637
-3.0720353024334632
-3.0779477249788894
-3.175905279038139
-3.022943010532869
-3.0894835689651305
-3.124681792560629
-3.128113530757481
-3.2713324214325556
-3.2821380558748894
-3.036873695550788
-3.1689848426507607
-3.2156731932721216
-2.9408833717122693
-3.050560809932029
-3.170178337079293
-3.231214312375435
-3.2029911593894678
-3.230850955278126
-3.218586824282351
-3.001828835886771
-3.1936189321500112
-3.0926120530868166
-3.2499881795216816
-3.1194376287137278
-3.0900632664976926
-3.119170956116587
-3.050709718194456
-3.067229080001358
-3.09228743113814
-3.187763106579696
-3.1281384750146795
-3.1725677830051713
-3.103120839936685
-3.144899092874119
-3.1940303063669298
-3.109208182625713
-3.0610756998294395
-3.1088627988710957
-3.1092386396348086
-3.1938726630941368
-3.1906927897203134
-3.1336195928324173
-3.131548473407966
-3.1154031515417158
-3.113176107747611
-3.1071470870580877
-3.1712697582665657
-3.1861078713374895
-3.226860478114603
-3.3062973182642152
-3.275766705504615
-3.1677940867123002
-3.1602197656627595
-3.082526062088354
-3.09528373260691
-3.1724754498827226
-3.2039570362430827
-3.158675578983707
-2.97374843866929
-3.196516297923957
-3.0309384013383447
-3.129197667150448
-3.0094516345137112
-3.0852590672830655
-3.0407004785405043
-3.117049022085784
-3.0603094355247027
-3.229667176569285
-3.1098755889826104
-3.0937589683512523
-3.146298616173915
-3.164967817633902
-3.187591861840287
-3.190477021382613
-3.018702815499318
-3.1053136814813724
-3.1199246534166245
-3.1814074681571585
-3.1222852488537014
-3.224794629065508
-3.2035656984316265
-3.095982409296953
-3.1109316962661393
-3.1632546091947544
-3.154549727616178
-3.2437779462628464
-3.183170760327326
-3.227830882832908
-2.98514400945835
-3.1475377582109796
-3.206588856637331
-3.0896848510706088
-3.2615846343193295
-3.081272684361931
-3.079338979376573
-2.9362096988109663
-3.1811942795713986
-3.117032347586214
-3.057277285230108
-3.1859590672080484
-3.1686845906142924
-3.1491464669522418
-3.136361180540195
-3.1668359892133764
-3.162095601581594
-3.119953427220418
-2.995602790064674
-3.1122901906542007
-3.0022034426591335
-3.2139771747562924
-3.100045772128981
-3.14307852773973
-3.2438288392752144
-3.0183080782298037
-3.0106055542998287
-3.060488797111941
-3.18815545587885
-3.2410654035769357
-3.212671175525921
-3.218696658142002
-3.1808766867503686
-3.140005081010599
-3.0542379907987796
-3.147407600883511
-3.124789248267814
-3.1683495257335768
-3.1750828970682745
-3.116822825356359
-3.260894116855746
-3.19601545164542
-3.1678430179986012
-3.1075308413069664
-3.269344822000377
-3.1724157416185044
-3.1592888256399476
-3.110148315895369
-3.2052969986838633
-3.1706117978883195
-3.1773145785716057
-3.1701052406249874
-3.2076762135223493
-3.1753262200345045
-3.159418249360486
-3.1478122378129876
-3.1910440218502343
-3.1348616966783522
-3.125383422320761
-3.303943381617588
-3.2355281849915425
-3.2352544975326505
-3.130611575353411
-3.2982461870976683
-3.1510176810456936
-3.1488436841679794
-3.0822835777086146
-3.1245144884936287
-2.989406544701438
-3.173588721864229
-3.2420396182884508
-3.255147873657856
-3.1986852674693007
-3.1197335194273177
-3.0105301451299864
-3.095800664944162
-2.977867131891995
-3.2567540899982843
-3.108426031602456
-3.140003478057307
-3.139480125974045
-3.3756844886156934
-3.1657639501512564
-3.04368851098093
-3.0726231263141908
-3.2788081682210066
-3.338234742443202
-3.222513970879484
-3.1752804088945954
-3.1717309034272927
-2.9554940158190584
-2.9702345223327717
-3.19428386175107
-3.09919665795932
-3.0693986464230676
-3.0846068359206305
-3.194905939742384
-3.0889914638234446
-3.221807744320212
-3.12085390704774
-2.9597704838319316
-2.998666406824283
-3.1070422284635066
-3.1612021457540886
-3.0161694141569093
-3.1639771761711306
-3.199058932747694
-3.1521095321215102
-3.2176662867486465
-3.2811561864424124
-3.229673344979633
-3.1556205017734835
-3.16475949697131
-3.1757764207003505
-3.249717839875627
-3.1673005596195214
-3.2719344957630647
-3.226658852556474
-3.3076678906984007
-3.1593361970571174
-3.166568469583197
-3.133917933530012
-3.199759103144984
-3.1916894547428623
-3.0579708594219817
-3.1291279019704654
-3.119717862981423
-3.1249642763604286
-3.247092598050652
-3.2558246367089705
-3.0842677530394615
-3.138876858711782
-3.0311529788744234
-3.1678325606920072
-3.1445646305761596
-3.095667042785665
-3.190534072245688
-3.2303532625317555
-3.120106993990654
-3.1990394726233298
-3.029187830863329
-3.0044943378356055
-3.0608681021556303
-3.23072730682697
-3.226311674582302
-3.184799097832378
-3.1922496058236915
-3.111970348503632
-3.2556539150255954
-3.1787105573757337
-3.1466004676110093
-2.965693399359225
-3.1229904081400246
-3.0254847006641454
-3.16151523257596
-3.1510231965636604
-3.0639451132683213
-3.125737740356544
-3.171455467012239
-3.1314522508080738
-3.152824233619405
-3.0510754425432838
-3.1477028550180886
-3.130736918874981
-3.266391272496426
-3.180699821618695
-3.20540110168765
-2.871578172630879
-2.924616279874748
-3.1880716242882476
-3.026442826150969
-3.158718742463981
-3.1040425057378678
-3.1141092707326035
-3.2015316941916256
-3.1775492461991304
-3.146024783397576
-3.1238145745514454
-3.1429377228844895
-3.1993977162484923
-3.0971445129338973
-3.173519132709091
-3.1650390323726425
-3.20326356722795
-3.1322234076183126
-3.153939957072622
-3.0992782484198567
-3.0822435897128515
-3.09817536003454
-3.2982636426829295
-3.3004128609935584
-3.171151055663084
-3.274682668115999
-3.156139702829595
-3.098159698710148
-3.1395435248390995
-3.2074826160075585
-3.210476216568614
-3.221724860766618
-3.090971146913864
-3.2345777604536643
-3.213810881152651
-3.1118476899329424
-3.088145862540738
-3.1127369869880352
-3.189262134378337
-3.178620079455877
-3.1071238105748917
-3.16189788402718
-3.154057995638125
-3.143135432864062
-3.2035365959740845
-3.167478269480534
-3.1026474215956537
-3.114061143131108
-3.1110131020616776
-3.0397191920512547
-3.0396843262783992
-3.0564483651150214
-3.0570445133207347
-3.095569381859323
-3.055809487246178
-3.2087234143255365
-3.2187129933150946
-3.1368945617376855
-3.150107603324723
-3.152162454989878
-3.123597597190846
-3.1513610823677785
-3.2752109227136565
-3.08465517824399
-3.190371554427109
-3.2046642436861066
-3.1697786353651902
-3.0960228969838006
-3.179697856444406
-3.071517879579965
-3.042816165699834
-2.9205039676990765
-3.20367670909901
-3.1421319348557217
-3.002880960428478
-3.1525586368744576
-3.247490955644725
-3.115386007552903
-3.242826742273047
-3.128674365495512
-3.1043804360579528
-3.1650229538390175
-3.1648412630455507
-3.193033184157827
-3.1889058027014716
-3.110526553023993
-3.1366847044934176
-2.9336378791044058
-3.1532971914573475
-3.0721783569535237
-3.147943033094798
-3.0950230716534204
-2.954154576578839
-3.0057402533910174
-3.0814805279376802
-3.1042655406718183
-3.130621802679948
-3.1155743032100016
-3.1134804116540384
-3.1375120781322856
-3.112049905539455
-3.2058817917453366
-3.224241648569741
-3.2100935730138724
-3.1049913534790634
-3.160193140525588
-3.083333747189436
-3.1926540972566055
-3.090539935344609
-3.0852883673772022
-3.154551241754964
-3.2312052517960494
-3.21812079731909
-3.2621373008009984
-3.0765898874502704
-3.145888867085139
-3.198879864613805
-3.187982774784182
-3.194459769205258
-2.9948777696125317
-3.1132103582421653
-3.0654255848672465
-3.1637585098383476
-3.096870778395944
-3.0535038892726543
-3.2787963853037905
-3.19817070487438
-3.2010683205467445
-3.2243289130687005
-2.9890464376596357
-3.128812206008522
-3.0188760700691906
-3.1777908394510463
-3.1462711322813828
-3.1930936941216044
-3.2167843546535306
-3.0436988938410794
-3.1152055925078876
-3.231924513301846
-3.126867723666477
-3.2267051490394665
-3.1383109514090664
-3.104626395543859
-3.20145801979543
-3.0907111740517768
-3.1771136788699463
-3.0999735647458904
-3.282532996054535
-3.17741825533849
-3.14056183834838
-3.1286627449889015
-3.0224860184823217
-3.039809584585305
-3.1392179342412403
-3.084898868671844
-3.147514866131453
-3.033943478445063
-3.1082345382992207
-3.0946469563846186
-3.1468273248309573
-3.259432718119681
-3.137027081785951
-3.136250866775913
-3.068284525593027
-3.0829990865145827
-3.277967443999374
-3.2623021869474433
-3.1855265494100222
-3.136071346092746
-3.161180983096762
-3.0355459471119013
-3.067847795335208
-3.1732605003054264
-2.906610982269388
-3.1342391585591285
-3.1613322683628655
-3.2337813252269374
-3.157997617996606
-3.140579522401188
-3.2702303660173437
-3.1946360694147455
-3.1357055587686262
-3.2227625842765626
-2.965812695935048
-3.1440382526771464
-3.089717059379498
-3.2057222118865045
-3.1052206877600397
-3.0604200797644245
-3.0526861416182074
-3.1121904066468
-3.2378076284658603
-3.1364693456263586
-3.095218383222563
-3.118717707039383
-3.165376828807344
-3.020002765441767
-3.0451265590095375
-3.104431729174297
-3.1258539666001326
-3.2554233211062815
-3.1443926684137637
-3.1275543242159767
-3.0983496338842276
-3.192499920404984
-3.205785565891011
-3.216109022250841
-3.0730967582442847
-3.148185793935854
-3.154029765586064
-3.060042735373128
-3.162803960315964
-3.1211458171173523
-3.1751736303850775
-3.194262774514176
-3.1474846412756414
-3.149044642714791
-2.9996714153342943
-3.1522240320797437
-3.1774593916773144
-3.1529102972499796
-3.1279532631563125
-3.1415190931263686
-3.225482021767636
-3.1333591964108
-3.0102628266548686
-3.186481634610149
-3.148990066288022
-3.192113742495983
-3.1001666033397104
-3.0848354956323623
-3.05004226403671
-3.07652741811001
-3.0602105999973555
-3.03900618002872
-3.1164765879851295
-3.1565979983901427
-3.1013693709614034
-3.1095363023602505
-3.0255456253112976
-3.1588840766619093
-3.269043538901994
-3.1294132343815333
-3.0990640845721433
-3.1772859675340954
-3.1891639464192827
-3.109807204075291
-3.2418362685549997
-3.3066527889387176
-3.1811254047091326
-3.0661179603802897
-3.211027881603046
-3.0279088819545454
-3.0725055830408117
-3.19913567001742
-3.184158554774374
-3.0947913214993275
-3.1490729321839415
-3.1299342136093653
-3.088883836550579
-3.177278320004532
-3.020300556462307
-3.1599992454071897
-3.1357299815254733
-3.096659622623794
-3.23207929294894
-3.2418496874638736
-3.1036284819376805
-3.134683175257781
-3.0704195256011833
-3.0206992543666225
-3.140759248566725
-3.087101802597144
-3.1780293445953247
-3.1716288800158874
-3.0142703877773527
-3.049140472467775
-3.16733985870066
-3.1305615423447506
-3.146172089205006
-3.1408783743182305
-3.1994177926333127
-3.125832996947253
-3.1840563202401557
-3.0979019530996346
-3.2361460492618765
-3.2007165365565293
-2.9841868679722916
-3.186833447060494
-3.097631443110755
-3.0826613899399455
-3.220696179510461
-3.1466301078239747
-3.060955922181519
-3.1057720440245773
-3.2043181721240486
-3.076610446548247
-3.1192564022570015
-3.067077226564606
-3.1240005667841886
-3.02008285273787
-3.2154966975838626
-3.0862375511398827
-3.177311955680756
-3.0749534102616116
-3.1833621216924413
-3.3392173071386355
-3.1649672039972963
-3.1189182697685673
-3.0184805428558694
-3.2445465510605436
-3.1376995735106874
-3.171564293293618
-3.2229728559980946
-3.134505317089418
-3.194796118075841
-3.2064798565138135
-3.246933054599053
-3.1229230086502544
-3.091957734354803
-3.1427201034462393
-3.1850292767538946
-3.228695444815122
-3.219797050771871
-3.1393352454462167
-3.163379447278902
-3.2691040740666084
-3.2677828868742984
-3.27053453714152
-3.194690257579073
-3.1442466676283494
-3.141962944783017
-3.1829643731027812
-3.2432267393157286
-3.316528552471512
-3.277106155955524
-3.0789859423002124
-3.1766298095075878
-3.183685426536167
-3.1590965211080775
-3.1514348815517286
-3.1655404752860647
-3.1805844339419265
-3.1386927450014928
-3.1198997176880967
-3.2213778574369583
-3.0373735375427837
-3.207901067000403
-3.1857106897752976
-3.008530927884018
-3.0856367441284136
-3.152299547414957
-3.226332620968103
-3.1034420188196674
-3.1558653194672575
-3.1926856964618
-3.230732961578864
-3.235455394460861
-3.2849634639982646
-3.073649392485204
-3.1443879642851122
-3.158408517733349
-3.227818071194014
-3.197788619643796
-3.1790714107684237
-3.2512010696090465
-3.292465175641678
-3.2258373466073063
-3.0587109646049724
-2.9601810172515473
-3.030748043219912
-3.245869883040241
-3.0905675287312437
-3.153714486183036
-3.16889604490443
-3.248597890643842
-3.1792281319725157
-3.2572925142061284
-3.294197842671945
-3.137951889955832
-3.213010306690735
-3.1538915378204972
-3.181864482484032
-3.215819174692618
-2.972557715199082
-3.158066103120567
-3.0948886510287696
-2.97998376796786
-3.198000961752775
-3.218788886635951
-3.1934774031819346
-3.1908077989535686
-3.218775535142943
-3.073109303482691
-3.1880178873429013
-3.2113238313882704
-3.1547900684037926
-3.1237734043219576
-3.0738213642129684
-3.052660911658968
-3.2190736505177227
-3.106537476731374
-3.083487409552108
-3.011537328486051
-3.120432326534257
-3.00377140142447
-3.049079650944344
-3.09421112443802
-3.1771105329556155
-3.0800055094243333
-3.2396198266529437
-3.0385365512566938
-3.129592857499265
-3.236959436828165
-3.212068800242981
-3.123956790723672
-3.1941050314643475
-3.1517297151618493
-3.1781280132872336
-3.1860819690877595
-3.2646655686338786
-3.0622414820106196
-3.1462405081753912
-3.0965376095534456
-3.2183033100760787
-3.048876150454194
-3.1804980764711654
-3.1940111443750574
-3.0997746546465397
-3.1091028204268922
-3.107914787030503
-3.113243754198622
-3.1805567106967247
-3.1438007552501195
-3.307645445418731
-3.284001601452473
-3.1560218287035475
-3.1318476342486234
-3.21348264596655
-3.1166669417697968
-3.1932834370400154
-3.2493787989227014
-3.2511307348452423
-3.2308312066893063
-3.2467970523579597
-3.1459806170558227
-3.21880056430414
-3.065196965308337
-3.1480936196751044
-3.245253697745665
-3.204332745978719
-3.095677989838151
-3.2017692900251222
-3.1456342234700454
-3.214824144403098
-3.021300528394379
-2.986067275591988
-3.1301446833637097
-3.257669573469776
-3.1074492019914306
-3.1253833881486917
-3.11244818726502
-3.1344288030887024
-3.2059791547647962
-3.184236375690901
-3.140462000185758
-3.112434553618405
-3.162843274877683
-3.085617075211098
-3.060627799017872
-3.0516635059979036
-3.2044459242755363
-3.224442900407868
-3.1476926420306213
-3.2096880144546787
-3.1464245772159476
-3.05658796802381
-3.016092366181945
-2.984375099275632
-3.1380678326878426
-3.113058932520291
-3.1375356727752797
-3.1087399152056903
-3.213407755560129
-3.1523762805556412
-3.265766546022754
-3.233614916877465
-3.258003054755026
-3.1197928937730124
-3.2761479082732676
-3.290648927347883
-3.044594756078924
-3.0923730865995753
-3.2519405432768003
-3.0026751253330444
-3.2092416301016966
-3.2137985980848196
-3.219606698294594
-3.2122872370157745
-3.127342020108202
-3.166863564562555
-3.2499067561885897
-3.0985038897797295
-3.1718647716903963
-3.2541121020445716
-3.0971580449290257
-3.127500640847222
-3.0270989673565407
-3.0896500067864077
-3.045368184291194
-3.1698806123720633
-3.1771478154984543
-3.2054800913023485
-3.2103693319677102
-3.0839820780239977
-3.026469137183713
-3.165514305482757
-3.121875574628818
-3.081961650977444
-3.234668841011998
-3.2541209548514285
-3.083858380020571
-3.1227293870850574
-3.1175189630755478
-3.0272226295028775
-3.1244709939541826
-3.092125270050392
-3.1657190020997734
-3.1757806524737173
-3.024867072448348
-3.0265164429603018
-3.0190800115466123
-3.15981163730489
-3.1462732393604758
-3.2546022357501503
-3.244206467492159
-3.1689939942223155
-3.1414953341057386
-3.1050152027355646
-3.160723603824488
-3.1858468036570993
-3.238290477804041
-2.9951768798642155
-3.124952808397377
-3.2177795165471137
-3.258016737828666
-3.096020549142227
-3.0728464380325744
-3.08005361221536
-3.091185792036195
-3.2090110215900642
-3.013418178828766
-3.0927362793728594
-3.1782370187075606
-3.0896670710179603
-3.1006040236210493
-3.0819007694656624
-3.0707792675744976
-3.235433348468697
-3.129506823686175
-3.1986736368354456
-3.150065011289015
-3.083446340587459
-3.0348777676826053
-3.0841439554874563
-3.126565637150926
-3.2107652108996287
-3.2488051844254553
-3.0144404975764143
-3.2407705834762544
-3.018341151317038
-3.024326603148905
-2.873196060001894
-3.0466466682172233
-3.1855382583528757
-3.1946344737654266
-3.1960520727901276
-3.2073977819203052
-3.1740055669806173
-3.0877148257568905
-3.1116811294311337
-3.0235022734552555
-3.2225511406865808
-3.012384901757936
-3.11145446507077
-3.1799600162576853
-3.189133042337424
-3.1119338167018276
-3.0373513786282995
-3.2445666521043806
-3.1559436797487286
-3.081253742186554
-3.0594317499792556
-2.9104594410032685
-3.0239991226157117
-3.115632844527516
-3.050396531613004
-3.097797430951763
-3.1810804122166227
-3.1082826923616564
-3.3112596639523377
-3.111551270717958
-3.0838944238239527
-3.310910316293832
-3.2284800575017614
-3.243297963107584
-3.109660514104689
-3.2320743733116273
-3.1893510489380623
-3.244875754591169
-3.215413459609388
-3.212536521142447
-3.1653404574466175
-3.2080904011654896
-3.275552446865925
-3.1178673188103976
-3.155326766878353
-3.320452633625382
-3.2395735451171093
-3.22488734848185
-3.336378821733524
-3.12963245384943
-3.2562526717841846
-3.2195284216421385
-3.1928785568740174
-3.1561360140564654
-2.947518354277489
-3.2051146969966857
-3.1383674057030175
-3.0138299415345586
-3.1585752562038247
-3.200330265492681
-3.1109646809302003
-3.142947997076434
-3.0755920666599197
-2.935793429375605
-3.142257356763078
-3.1144677220760455
-3.139560537424385
-3.167363997858581
-3.230552652474809
-3.2226340901507355
-3.1626160065879425
-3.2251902537612667
-3.0539785488409152
-3.106031761648851
-3.1677857409724752
-3.2406963497016705
-3.2139451861405366
-3.129221894436012
-3.230199626936933
-3.222183113328407
-3.1496179089956273
-3.0541445266553575
-3.0312784371283867
-3.097411341581932
-3.16289742334073
-3.2049072977348225
-3.118396806853816
-2.9404844564030266
-3.1336736970731947
-3.0905244731506207
-3.097946984868615
-3.0828742210832307
-3.0955654013246927
-3.111300599447874
-3.0418133928112643
-3.130592253342464
-3.0896356729041106
-3.237768408246775
-3.216808838941175
-3.24294316666545
-3.1695377581134867
-3.079132430077609
-3.137954296204691
-3.1048900445701575
-3.010543579591616
-3.0851300572726372
-3.1789917447002694
-3.1054982455219386
-3.0491429884297774
-3.190014664076451
-3.104105087217507
-3.1387195362955076
-3.1378365030655293
-2.9074535388080487
-3.082499519722591
-3.2040069603428676
-3.1190835859365946
-3.1543516669311913
-3.1291251450968742
-3.080749083597752
-3.1844336337414383
-3.190391738484885
-3.054843453618497
-3.1581846835542167
-3.0642320903071796
-3.123539659150176
-3.144517652333808
-3.120752014381037
-3.1701283892275502
-3.1553235043674452
-3.0482640235496143
-3.210351429590011
-3.0936700468595553
-3.287010493964865
-3.177023951341832
-3.1426434331097584
-3.220775296739508
-3.111664493849031
-3.1486854703305354
-3.1124965713754027
-3.222570760074297
-3.1014355577568
-3.157647700886465
-3.153918311565821
-3.2483008073549415
-3.136933946672426
-3.1983444366720333
-3.0328046817170184
-2.9807941639749798
-3.218511125759232
-3.1482969902178444
-3.1152074646859664
-3.2706671974498973
-3.1503938909102747
-3.253260545601435
-3.1256017077264215
-3.0320151067528753
-3.1583429335362165
-3.1440755197551273
-3.217653089436651
-3.1560583360647048
-3.0077823723383257
-3.1140225114772324
-3.1026462855694614
-3.096407837370482
-3.0524028029845254
-3.0438294520301907
-3.0965754921295767
-3.1904093277333954
-3.0853594035580354
-3.0461247491398007
-3.021552847789333
-3.113834190531388
-2.962326590419435
-3.051819787951445
-3.1027156573273555
-3.1453754825869367
-3.0920273389813606
-3.118924499446665
-3.2724005899965594
-3.107990180876394
-3.1862776726823228
-3.039961365014509
-3.2051814260597706
-3.1679513919645332
-3.162553270518747
-3.1467914339627754
-3.027653660360794
-3.0536221991661225
-3.0684487526001307
-3.1254827517861474
-3.1587418833938457
-3.2946729936473993
-3.2127362480219137
-3.2710266131123427
-3.1004286594248267
-3.125011096382851
-3.286328456264112
-3.300135465762983
-3.166788749703541
-3.129505864228832
-3.0827028897927624
-3.1423834093051006
-3.0826691072827064
-3.1139442094379
-3.0799228865851505
-3.1943193826639016
-3.091288697488194
-3.2866571367806428
-3.0215760454930485
-3.1306199974810687
-3.2253781235090053
-3.2388820106415004
-3.093363048831568
-3.1257682177901183
-3.0416401083612445
-3.1704737794771853
-3.083905938026561
-3.0449028404088887
-2.985338521687814
-3.1401274881487033
-3.2788836304708724
-3.061519600494563
-3.16224279261126
-3.130849009752097
-3.1854321788818556
-3.057400099328855
-3.0125441012686496
-3.1775970768745414
-3.1317688339659147
-3.080472757961051
-3.1485139425440853
-3.25533328986962
-2.9493387407814686
-3.0913278590571514
-3.085400870308668
-3.178273632033987
-3.198370283441777
-3.06610492870896
-3.1733165254208155
-3.0980361366993234
-3.031788759338799
-3.177116146316718
-3.161094493804204
-3.1918950314559207
-3.0212604291381964
-3.0761367182875654
-3.177249365385844
-3.195287649394199
-3.0178384734917945
-3.0782874155510176
-3.1578376997535385
-2.9459526050520854
-3.1247106665510027
-3.2166643876455288
-2.983492872056258
-3.170449286896797
-2.9963764338376175
-3.0489832614412546
-3.0002787480537454
-3.113896484643787
-3.1814420006411037
-3.146935231464972
-3.253815487956831
-3.104501343469894
-3.0813614814852612
-3.04162698228963
-3.0235103802039753
-3.120425043092297
-3.120631999310125
-2.9651704949747155
-3.0965391560341895
-3.1167078862074824
-3.2909287230504423
-3.119815663710782
-3.139937429152216
-3.1410538954029574
-3.200990900244447
-3.1383593766287317
-3.208725904937694
-3.1457099087394154
-3.2063740955632505
-3.2535016455980523
-3.023334813953561
-3.118144849059446
-3.250379526773921
-3.250245104966571
-3.1510139591623583
-3.0754041182411016
-3.167554636162499
-3.2126205139295836
-3.2173167808983703
-3.1451097504057732
-3.117056115290569
-3.351697406175218
-3.2385963448274024
-3.049485297445835
-3.090329137759524
-3.1746242652068264
-3.0243263630736794
-3.104962660742696
-3.106851271268974
-3.2045776568335493
-3.136799031100306
-3.1640637112931
-3.1523867837023363
-3.1239502106966044
-3.1769889103220823
-3.1710125414063874
-3.225809827181142
-3.158601442691489
-3.165992398927628
-3.1761214854803557
-3.058342979818779
-3.125784091429428
-3.143316959282485
-3.2156388419316304
-3.21993503381331
-3.2292960219894997
-3.1297345598377264
-3.283160049328588
-3.132205012953941
-3.192464206451101
-3.2129060134048864
-3.042885330906541
-3.191180436708157
-3.2729342562658075
-3.228165583387842
-3.136953975947023
-3.1858919398509067
-3.2426604758305393
-3.149253910623372
-3.0772574301468394
-3.2490424568879366
-3.213555737774795
-3.1669942004037805
-3.2489635162349715
-3.111785005931034
-3.083031576937915
-3.1678991273484187
-3.1818455251189435
-3.250326684414103
-3.113424796551717
-3.2381106488543536
-3.108317787472617
-3.040125186048174
-3.284333041750923
-3.261069718264132
-3.039189328671644
-3.0978504931213853
-3.311928137503585
-3.2768968865319095
-3.2585198230825334
-3.2280342904491426
-3.0664089192703248
-3.050555055201636
-2.9663904685762894
-3.1233282530930926
-3.225570276442637
-3.1931625276007436
-3.1934773168051396
-3.19859588235775
-3.1996779257457524
-3.107366141395748
-3.320847268764688
-3.3498602689912156
-3.265606693554579
-3.0629576163372354
-3.082462468385679
-3.0873275626262613
-3.092017583665863
-3.1906545198382537
-3.077826607551618
-3.2301042994251143
-3.0701887253858535
-3.079031710728786
-3.1482520067439874
-3.133889440911389
-3.130206652427
-3.1604818035961175
-3.1685174167153525
-3.092674811834986
-3.17612088704395
-3.0419402230729213
-3.033717515369064
-3.1348003930654924
-3.1507014256740895
-3.2341827998412005
-3.173015281972957
-3.241706567793914
-3.2222803404590956
-3.1343420027189564
-3.111249908932794
-3.282625607297385
-3.179441735230703
-3.2512306767057906
-3.166953720984611
-3.1533514364803934
-3.159197989421202
-3.162653227850586
-3.2596332347762744
-3.2589217702782536
-3.073633000201611
-3.2668395325570017
-3.184446319090388
-3.1838345947768643
-3.132347441832162
-3.3326103171229122
-3.227826447963711
-3.1188363787521416
-3.2483325292095784
-3.1298813653283624
-3.1614328555810505
-3.0501927070172137
-3.239441290197832
-3.222825574001533
-3.2229232480659356
-3.1780989098922787
-3.20989224964237
-3.151228814507889
-3.3096009532484927
-3.1185077417052516
-3.100908159285643
-3.2532157788301252
-3.2287264902389325
-3.0228043096242008
-3.215365331466897
-3.106928011521317
-3.134965198891544
-3.2230947584014666
-3.2583088561018507
-3.1815681516344676
-3.157677112198871
-3.169933104925158
-3.234180981721983
-3.2501004059250085
-3.24558832506245
-3.1502985644262838
-3.2366855219776296
-3.1497111354218
-3.087478352914923
-3.076178151603798
-3.019177156786279
-3.129576962050075
-3.062800475616254
-3.0031251155523138
-3.072060488819832
-3.089302606661189
-3.1400715494031513
-3.130827687186996
-3.0579558013103694
-3.258912592096957
-3.144067016312923
-2.979185841306379
-3.257242443358339
-3.2120307471516782
-3.1294616868693543
-3.1881341208368266
-3.1334410352806428
-3.1818681297236453
-3.177650966391407
-3.1534091787151595
-3.1452328210326943
-3.249475522481103
-3.3083151108552773
-2.9852207675655973
-3.2390782489866603
-3.195128832381479
-3.2573106984736127
-3.118720219372873
-3.0977694207548443
-3.1547115964563415
-3.1457826885907654
-3.1477937394068647
-3.2226019072569905
-3.213970335884738
-2.9190109182724018
-3.123640157938084
-3.0407595316356923
-3.243759138250724
-3.2394550415837515
-3.1982778083356553
-3.187827437325002
-3.134781533380943
-3.071517799523822
-3.2444706841977045
-3.026595711058603
-3.113599839530183
-3.211329979322022
-3.121683272088404
-2.967215791943878
-3.108137157899215
-3.203434964964137
-3.0908971322988514
-3.1467810214319307
-3.1964990974151575
-3.2016511183124168
-3.1918143839856397
-3.2833827898858043
-3.131131666011521
-3.2619892755572533
-3.3250554648115127
-3.0621194309334037
-3.1842243685757996
-3.245791709760783
-3.155140313713625
-3.2441704751535263
-3.1489851436843748
-3.0547037298460533
-3.124637209826217
-3.023016141660359
-2.915844043904085
-3.118030300240725
-3.135067960263269
-3.122707446639701
-3.098584566453705
-2.9718925197878368
-3.091098097265799
-3.1311169767498046
-3.054354064139518
-3.097248556151979
-3.026620792807813
-3.0938479300566826
-3.1024521211513614
-3.0415824019367137
-3.150037307722995
-3.2615982350981896
-3.1063316195050565
-3.0686488535158585
-3.0697334307264934
-3.003290945847445
-3.1566730218830212
-3.058131396128948
-3.1489535539784814
-3.0504282383095824
-3.2631685661846115
-3.119559614032568
-3.2280559165637777
-3.0802045608280078
-3.155936303279231
-3.052963023849233
-3.110439461973442
-3.043520290326148
-3.024453188080033
-3.1510023373284928
-3.035646036165584
-3.182278252815211
-3.1152214041454673
-3.1323915633450947
-3.201331028097814
-3.293200974533773
-3.3359085832825546
-3.1056761839503615
-3.1544539798478968
-3.3470689228019803
-3.183110118193637
-3.1696709241210748
-3.199047526741942
-3.1746172156070918
-3.1989993829475525
-3.255689049513064
-3.175567961288566
-3.1441586112639692
-3.185411163927966
-3.127569734813497
-2.998602532280117
-3.1164691385600447
-3.184559743895452
-3.257635091916792
-3.0605664646782986
-3.37919568352827
-3.2290108894062626
-3.1903600211164123
-3.163514112366109
-3.2390312826613625
-3.2141096467744483
-3.106001445635142
-3.2142450948247676
-3.1840101432416374
-3.039621250573714
-3.1680842937398914
-3.071626861668082
-3.167119411752704
-3.0218997349123664
-2.9951843788535975
-3.070008807402169
-3.1421387402755125
-3.0386742293058364
-3.1522035653511784
-3.1122960813469898
-3.0755162513828647
-3.124093517311276
-3.1461144373133965
-3.0979618035105405
-3.0123131926751916
-2.994542923069511
-3.1213095108598647
-3.1267883245699073
-3.0679824285598998
-3.221166186695678
-3.1628665669349254
-2.9936980740546217
-3.2150132384266747
-3.2760492452407095
-3.062028272196767
-3.065023880545885
-3.037205094649625
-3.225467752199063
-3.07133025674662
-3.1064860485508046
-3.116257714947886
-3.131733340730317
-3.0752698198016795
-3.15162476359397
-3.233239273615526
-3.15521534798754
-3.0888390499378464
-2.939277997748496
-3.088066603598583
-3.0919809479157836
-2.995977095033227
-3.118333669825217
-3.0274303729949255
-3.259969123199475
-3.0367155418924225
-3.1729428411204283
-3.0487262713966423
-3.042413340719423
-3.1925014623954735
-3.12379651367409
-3.1073601879790558
-2.9823307392487015
-3.17004175304139
-3.157221443183931
-3.1104007404807312
-2.975237979321378
-3.2211178220908634
-3.176707682959743
-3.2201968730783785
-3.190802220119806
-3.2285425729591477
-3.1110706859251267
-3.019033247443828
-3.105797951485449
-3.113965163845636
-3.1191410490887517
-3.0576650635731255
-3.1663836911410965
-3.2550008536928026
-3.1779133961164097
-3.1605094222741097
-3.1763326152132043
-3.174213071364581
-3.2318909552429846
-3.1124424171741047
-3.211054597510352
-3.255522869368656
-3.2167821881572025
-3.1931498944787977
-3.191476790555807
-3.182558523786683
-3.303124672226752
-3.191528959008713
-3.114279347834918
-3.282896176972985
-3.2452151954710087
-3.116498756392154
-3.1976458772003284
-3.115299308988611
-3.244142745356042
-3.19218713790489
-3.254463203982831
-3.262561405336713
-3.055505115381755
-3.20614907775079
-3.2036184783188077
-2.976560435509541
-3.0168046234947803
-3.2147643160290142
-3.2520012986932314
-3.1460585373278485
-3.0684176670523104
-3.1108050858045444
-3.1016746822131633
-3.1794512443159113
-3.107195966495693
-3.152779067363828
-3.0522183372926306
-3.093936527796887
-3.1895569579743084
-3.123240704794459
-3.136852552396832
-3.220480821940996
-3.3433345507160976
-3.0651988081665964
-3.1936509289781507
-3.12857603819502
-3.1600323525033516
-3.1676692298290265
-3.337505129134377
-3.1648815593059885
-3.025752238584255
-3.213997076007628
-3.1686244626430424
-3.0699959306378037
-3.057042016665156
-2.9719585512569946
-3.0454025988538196
-3.166093359188273
-2.9490116571292178
-3.089309657996728
-3.0641019432347343
-3.2719642595465057
-3.1037798964604115
-3.0257184974338838
-3.1496932374804505
-3.1109420612407432
-3.1982894891508464
-3.256117512284985
-3.2713096553635976
-3.1687912306881882
-3.140852449461941
-3.055099155821492
-3.178138005778671
-3.141096367122211
-3.113398909820203
-3.0835462150803017
-3.082885920479186
-3.289663755453759
-3.2618475454245135
-3.043405270915054
-3.284590516657783
-3.082200732112102
-3.154936411745009
-3.178086152130699
-3.229551226450676
-3.1743400891740094
-3.0406662816496652
-3.116259855614574
-3.2386367170290615
-3.2523317244940984
-3.2966047420645936
-3.2431568851505457
-3.1299548544183646
-3.0547581611846084
-3.026000972510949
-3.2309178617600485
-3.0099883815575272
-3.154681525363029
-3.0948787893815703
-3.192629294401117
-3.1735994525454942
-3.114595783597432
-3.1809825388962
-3.1796859553723675
-3.2019727353650267
-3.078277756967226
-3.053068381548897
-3.1120479433163832
-3.0646025271280832
-3.006952794559
-3.110721333774484
-3.1515110036249263
-3.1158671081547094
-3.1004102381263534
-3.085104130280996
-3.119114076591661
-3.142957333427028
-3.066893602158417
-3.045373258416583
-3.026600390648117
-2.9977547987930246
-3.1747082762299828
-3.1021330759456265
-3.1394513513142597
-3.181053426154662
-3.1195131208240614
-3.0969038475016966
-3.147350780908307
-3.1673362425644807
-3.2086927328644124
-3.075426769060787
-3.0440004547871435
-2.9969339590911637
-3.118692383523265
-3.135670892955131
-3.0523567460354974
-3.198816108780524
-3.1181945633236103
-3.250614861606816
-3.2000265210023895
-3.153280449670705
-3.1229093378187036
-3.1646141287891485
-3.161256259370341
-3.0667696065707157
-3.2005520683077355
-3.276762228774379
-3.2273631081127534
-3.0515697642338058
-3.1781956704497922
-3.240012074111215
-3.1759276955070637
-3.146165073738747
-3.1674431278611452
-3.1699293347082547
-3.09681025823933
-3.211084856149424
-3.2031091617831815
-3.279077721340904
-3.2689971687275046
-3.09420636923216
-3.1027789536184485
-3.2556630231395642
-3.1651093964406822
-3.1570029921026497
-2.9927309515946825
-3.069943684761392
-2.9248575207351335
-3.159183471165029
-3.0249916602199547
-3.0623302581480503
-3.1581454996013316
-3.24507130882743
-3.17920811035133
-3.077937516782879
-3.2120727272016842
-3.0696039510235495
-3.2200662883990456
-3.2108271307293395
-3.169600272386778
-3.08189621300061
-3.013980989435242
-3.1952497491042675
-3.167776646095793
-2.963206447752788
-3.115984536045007
-3.1841594118751133
-3.0528077703624303
-3.073321382041687
-3.166553691674987
-3.039852850625648
-3.1891993461209016
-3.139961553475203
-3.066379910449412
-3.1717377626324583
-3.0917354935779637
-3.0949123472494517
-3.1353160887358147
-2.999560047896895
-3.109626299952619
-3.233528284801163
-3.1220879679252556
-3.1251293509915374
-3.212011966622849
-3.1816753920781036
-3.0968551824121677
-3.1311666772320983
-3.1696498958670083
-3.1806560691807446
-3.1711639210794726
-3.114332321273019
-3.1505957830913527
-3.26461018997624
-3.071024646785398
-3.0617186795496782
-3.1603571061302698
-3.1868781414393292
-3.2433472792841234
-3.0782140803029745
-3.1211766391719893
-3.1427848020959765
-3.2763488441789717
-3.055733161030676
-3.003674273499127
-3.1850336148565845
-3.2071704790435076
-3.372582976786386
-3.2199354368427926
-3.2664823307015576
-3.157980993860629
-3.058791231306308
-3.161290045682944
-3.209092152147666
-3.169281062575625
-3.058139908016404
-3.259398992263688
-3.2310862890211807
-3.227132687208474
-3.1791144446169812
-3.1799084643377507
-3.191290978648864
-3.248884000414441
-3.116440376249076
-3.2245441006072237
-3.1893651371378287
-3.2373940472876734
-3.2853763101758937
-3.1789088430105696
-3.2577583068385225
-3.294236640040694
-3.2272717198379057
-3.1875785418564804
-3.0784171128154587
-3.0831475462842297
-3.056621338332867
-3.1139043973635165
-3.124561017661623
-3.1764799449472787
-3.245082539638132
-3.187092168573865
-3.2939797435750813
-3.181182805933575
-3.0937256978315872
-3.247429899864486
-3.1708924543222623
-3.0130697436270837
-3.191888650302717
-3.1936554725803608
-3.2136044240830217
-3.2398645191124564
-3.199405821989137
-3.3364680146309764
-3.1733206482177554
-3.2247092515055202
-3.2032609770880116
-3.0891561450781415
-3.143552641765773
-3.1655770285523768
-3.0697062089670544
-3.130703544878932
-3.1641746222125584
-3.265553732356455
-3.1392026043376062
-3.169105684972382
-3.149925214801302
-3.092536739595532
-3.2377830737960545
-3.1740528292886756
-3.057524714496326
-3.0236904133713347
-3.078620155176067
-3.292508046800446
-3.1681077444493417
-3.1897172741503557
-3.0155497596639895
-3.166731781917548
-3.2267758859949804
-3.2517202405322103
-2.995953523571404
-2.9837866226381204
-3.2370149423872037
-3.1423915990733993
-3.160608951845607
-2.988563420537622
-3.154971419494909
-3.1255774981593074
-3.1542669013895814
-3.2653687877101447
-3.062573306450841
-3.1159131387902943
-3.14157315036276
-3.172053918396843
-3.161974065991789
-3.1228400015536213
-3.0666046662871365
-3.156648089729272
-3.0985363712719725
-3.2099499016596753
-3.1920579147212123
-2.997911703131078
-3.180903509120002
-3.181216573931752
-3.1373863888387117
-3.3341438505657868
-2.992623183158814
-3.0406434252387022
-3.2102788949719794
-3.2139141886490057
-2.982482140942233
-3.0861126135739516
-3.157233114193877
-3.222541838629653
-3.1298269581511975
-3.1619861454971785
-3.273140102002379
-3.244863195698179
-3.2532497356313086
-3.1581642316121736
-3.062931759006278
-3.194127297428307
-3.170717604597797
-3.078574978564577
-3.128464940266877
-3.131844526226132
-3.2031442172956184
-2.9991882999443242
-3.1171072378145066
-3.0984905040952033
-3.247269374892831
-3.072515615526243
-3.174462520357379
-3.1466725709222594
-3.1775522740611946
-3.09831346158909
-3.1250237768122644
-2.9866189507760845
-3.0627956518931576
-3.0526291102526013
-3.2461988209581625
-3.072196418480993
-2.9800522720990483
-3.049195018348255
-3.0295902184739623
-3.1499432367397975
-3.0930133993604234
-3.2024065223969878
-3.1286262212817557
-2.9943543982869483
-3.143672707335497
-3.1573430484087397
-3.2143080730647546
-2.978090449205833
-3.1659946769177925
-3.070234782080086
-3.0687712371659988
-3.123655156975293
-3.2526083040905736
-3.1795651409331884
-3.191037498777668
-3.2157512408391336
-3.077950823195009
-3.315474478406115
-3.2517881597711913
-3.205358880790282
-3.1377199848314614
-3.195781025263805
-3.2953958859340626
-3.2288831169513785
-3.2825682208535145
-3.1834552476606666
-3.1148441682474233
-3.203544530619932
-3.3069547567677136
-3.329382609444613
-3.1555254854992945
-2.9397031022854803
-3.200150691999229
-3.3249521710768097
-3.227385151962909
-3.19092479999769
-3.244193650960939
-3.1669337030820355
-3.0603386977269746
-2.9953163950190262
-3.2746015615636743
-3.2761935203322032
-3.1069977697499
-3.163832602030667
-3.1403204318289903
-3.1015911977967643
-3.222361829405758
-3.126069397384008
-3.0796717243021936
-3.1411505189880695
-3.0126374869630945
-3.097018626495614
-3.2114661664024258
-3.1094041469116735
-3.140504632426898
-3.058573283725262
-3.1369792364648776
-3.1530164088017467
-3.069030125020663
-3.0280125615471296
-3.1293927243909296
-3.192561721047976
-3.1791506169685517
-3.19027317974695
-3.197131474695217
-3.12626898799186
-3.1006366469321267
-3.2050944449375294
-3.1149542891923265
-3.10344437675099
-3.1357772514308793
-3.1115987349086334
-3.1870029869263834
-3.0906509624133793
-3.1510149085433183
-3.1118325192632375
-3.09534046328698
-3.229816795899234
-3.1161177313494828
-3.2140597427580433
-3.0711686865541505
-3.117521008664162
-3.1152991220315966
-3.0962241904985603
-3.155823814238546
-3.0985975021728285
-3.1667205221820733
-3.1482341512563545
-3.118771343615093
-3.087503174767788
-3.1020218123553733
-3.213149824898658
-3.1540949846778092
-3.165161606916304
-2.9805185970060357
-3.042603193696766
-3.2000046172223615
-3.103220073939487
-3.1272493358645987
-3.1935940460487173
-3.058981753240265
-3.161419350091756
-3.054244899354959
-3.193211703115235
-2.973905289526572
-3.142522569117402
-3.0731242353804205
-3.106445421761533
-3.0724931150917083
-3.1838861317855716
-3.031842135023019
-3.1482026213167655
-3.195259549926522
-3.0280952471335807
-3.155030462969129
-3.1858127581496536
-3.143205527211992
-3.329116943834814
-3.1424119675263484
-3.064879583011371
-3.2320081179446243
-3.06586341034823
-3.1020124664418125
-3.270491365218234
-3.081718032399576
-3.1330958159299565
-3.077595457115547
-3.2304978356146443
-3.0787476838867462
-3.0387257655705775
-3.055255246501389
-3.080906926220066
-3.1590953441244163
-3.2126664140481758
-3.1028858380043314
-3.071548686054446
-3.0368672934032253
-3.1595285371032475
-3.2129561695160533
-3.161445357127425
-3.2512562046552023
-3.213027846414925
-3.076671131124053
-2.9652329812440574
-3.0332373444264045
-3.2262455584588854
-3.230752720626502
-3.1711263308719877
-3.1132827512594816
-3.2277856157948235
-3.1888678102798407
-3.105043908752021
-3.099395665493382
-3.161355491254962
-3.1020437990307226
-3.0537986677759807
-3.192911806765311
-3.11434679308728
-3.1961497513185697
-3.0607766762028383
-3.076826269324339
-3.2608860934736135
-3.103172113398158
-3.0849169134151797
-3.1319757819297314
-3.1758753261374992
-3.1244549679282687
-3.082584185504633
-2.9710578925763804
-3.1263145143289766
-3.0881950289125175
-3.1601314013448394
-3.1614078286485694
-3.21923392848365
-3.1871394218398557
-3.093679111358434
-3.0398534867877016
-3.0508232531132653
-3.1020510356187803
-3.0825228428921814
-3.146963198416367
-3.083013458388925
-3.1960341100779486
-3.1500171958595775
-3.1212411586050446
-3.109870681295227
-3.0499667482536683
-3.0780433152713296
-3.2333438612025627
-3.093367506709364
-3.0882706846082324
-3.105970824991469
-3.028251644377605
-3.1747222615499
-3.0682224829839493
-3.1527352345342816
-3.0094254854609646
-3.1177576457767655
-3.2536890056114505
-3.1249543650505647
-3.063191633079254
-3.028813531042138
-3.161329623904873
-3.1171048199946636
-3.180880323619718
-3.275715748548567
-3.1384829629661573
-3.2264498441972127
-3.223783873723916
-3.0576371473996797
-3.0216105911112328
-3.1263203271318734
-3.025779594292848
-3.143675149849948
-2.9983860419667447
-3.1650079592771156
-3.0749163834121576
-3.1056401888855083
-3.034892133118947
-3.075711917251435
-3.1106668714473034
-3.1683184547972765
-3.1850583981713534
-3.1356234347872185
-3.1157043651858096
-3.0648717967275343
-3.072799692939258
-3.1066610978277454
-3.2069955243867354
-3.126678543539702
-3.0660783059905543
-3.122911934172249
-3.144671201151482
-3.247974486135851
-3.2699067125102874
-3.176186885204257
-3.1702048520649804
-2.9688836370339398
-3.02917509928582
-3.0894814616234125
-3.1055690875631825
-3.175106230406787
-3.2405938553346245
-2.9272168249704413
-3.132267162243252
-3.158559645617128
-3.19528636559933
-3.1311555987782804
-3.2677729646563063
-3.2155725787353964
-3.2391217108460033
-3.275442890441742
-3.165223556656677
-3.160813585275668
-3.17586383101385
-3.1769198272099204
-3.123076295056292
-3.1736126396014215
-3.205716250828552
-3.008610945089637
-3.158659327901338
-3.1233081887828487
-3.0414631939189163
-3.0927125234731956
-3.2718738162475955
-3.192083770968958
-3.091373910739749
-3.0807285715555786
-3.1118579657413443
-3.0725742002486736
-3.050947510717809
-3.2016538525612384
-3.195107924967997
-3.0912606568241023
-3.1585039446811076
-3.141900287709625
-3.1842730030837574
-3.152252263536523
-3.2121805617041925
-3.132386303341787
-3.1691052110691205
-3.126470669866323
-3.2505144592280883
-2.9975448687857376
-3.2542280888053017
-3.197246171932301
-3.1545823863682996
-3.058476235172006
-3.124108453335916
-3.235405076969356
-3.1447591788925298
-3.0403949168520166
-3.1654865742488116
-3.1562061220376365
-3.18646762723243
-3.07618643333125
-3.153430072748723
-3.189881906032409
-3.211647234093848
-3.1951806278402497
-3.099978610163522
-3.0870995926284723
-3.080573128149882
-3.1764284655980966
-3.1956606841144777
-3.1068092520147883
-3.084214539694159
-3.165233251104642
-3.1206963904902323
-3.1740318178591487
-3.0590948955823296
-3.2094975210193315
-3.128562408084087
-3.2228913598222233
-3.1273102402552633
-3.170971299614416
-3.111765303997231
-2.970865129079732
-3.1156477354043552
-3.0413363949808563
-3.0604113443004763
-3.11063844214529
-3.0481237141813127
-3.217518996881497
-3.0806719567175542
-3.030592629658075
-3.2721833475617568
-3.112829475683359
-3.042458760265804
-3.1861053222916564
-3.1346971028281634
-3.277103742703307
-3.1891877083330598
-3.2765947608340626
-3.0929179469103816
-3.2573681165626893
-3.1887267492291955
-3.203309404163778
-3.1841565565342624
-3.106597344424402
-3.1796138587160816
-3.079714301855209
-3.190490504820861
-3.1136032821348025
-3.1226969261965705
-2.978289079290617
-3.055557078474665
-3.1774430278306447
-3.1928290931554706
-3.334972352614711
-3.307493619270175
-3.22633140390844
-3.2641839354454447
-3.123761861925299
-3.1888769949009395
-3.266753514401339
-3.2270066702246525
-3.1686851727746603
-3.095709046726149
-2.9977350965905587
-3.2386872346428617
-3.129108500632068
-3.167473922403915
-3.184448125446464
-3.2941675011836065
-3.3020531503521475
-3.0935235207447946
-3.0625375263189114
-3.1232806263531625
-3.133643408248823
-3.1750265397593376
-3.1990767970793974
-3.3476918809057135
-3.1001811621611997
-3.17211326474784
-3.1519019343425985
-3.0602862637146764
-3.12663238552243
-3.2149669087708013
-3.0993063856244167
-3.369762679518719
-3.2397527078316157
-3.211760227478078
-3.2529608758199253
-3.4307310113460585
-3.313472757968873
-3.2530289829089467
-3.2092243418451214
-3.1565070472624535
-3.304878650640887
-3.086823115083825
-3.1410153001530783
-3.0795245013655284
-3.109942514542041
-3.0239645498768364
-3.0931607366913765
-3.0424421813191533
-3.141559728181403
-3.0241833774618727
-3.11588555421072
-3.084502256904075
-3.0929726353280556
-3.196407502864351
-3.1679839060957318
-3.181540627647104
-3.171661903089698
-3.0053563456632277
-3.1173753923591097
-3.1043985512028174
-3.24126242933072
-3.019586835880467
-3.158776376772974
-3.0458124674204505
-3.2492859408995347
-3.1015371166460053
-3.1217890584962875
-3.1224181537260205
-3.144404016516172
-3.2078772059683187
-3.1129297065314785
-2.995331645301971
-2.9913495456054746
-3.2422851078534882
-3.179966678755666
-3.2712292721109457
-3.222898683968927
-3.1689952069081273
-3.0891461567446403
-3.1641383707478536
-3.069016612085938
-3.051342387252955
-3.1276556188103775
-3.059190220810343
-3.0018806403576686
-3.058935300301737
-3.2615715654952613
-3.114584805023138
-3.0381783084705525
-3.14468663675319
-3.1828848648841124
-3.1535280365924283
-3.209357241002418
-3.1537344319733394
-3.1056638072035105
-2.9810165389555636
-3.204703889258697
-3.07508397311989
-3.1445197201603485
-2.958301215343482
-3.141580341337083
-3.337958974755873
-3.1817737795858196
-3.078628725888389
-3.2709224299661184
-3.1989012190609025
-3.188576176669514
-3.1987615725620664
-3.259633067584964
-3.096533281804974
-3.1526398368885733
-3.2376059062334055
-3.1885733330313375
-3.187413720535356
-3.069835892199294
-3.066553006623944
-3.198638239093764
-3.2635601379250487
-3.1393536427725905
-3.330324288787318
-3.1812759841208043
-3.2625276228783524
-3.100053058846484
-3.1400259728203803
-3.3275223552801827
-3.2577000398808003
-3.2958222631862153
-3.266590030476757
-3.329327864121699
-3.311868899441535
-3.161102757975545
-3.212291072330191
-3.238389084195894
-3.207480281016217
-3.084908852347324
-3.0593201547462034
-3.121729076129591
-3.1842392958276626
-3.0964263386191173
-3.065316013828524
-3.1001697418321146
-3.188743277940826
-3.0587409531489733
-3.153059445461924
-3.0996934824631794
-3.0815162798324174
-3.2200566800250296
-3.287085454457337
-3.165923696042705
-3.1904506084624003
-3.1979210258642197
-3.157787378813341
-3.0835420329208016
-3.179005627228595
-3.0740974045762886
-3.036927464159823
-3.0583229870867057
-3.043330996634718
-3.0240260060117095
-3.1592710361706584
-3.181309393311025
-3.0468785025608383
-3.110516844939018
-3.150539204534368
-3.142420754514043
-3.2530300229052522
-3.0671001503960538
-3.0378496918666102
-3.1241164107128103
-3.1790635642592466
-3.1849190596571146
-3.189765276907926
-3.218718245206363
-3.004500122830297
-3.248754663064415
-3.167199294473237
-3.0152236058185378
-3.0602707985882454
-3.0719844945478085
-3.0551132221179627
-2.991385235202579
-3.11550948602797
-3.1690428301641993
-3.044479375499071
-3.230302734984734
-3.231630130411093
-3.1263164018278924
-3.1589967462528845
-3.0376360431796012
-3.086144036942556
-3.129944349782454
-3.153420254346266
-3.0733404051111908
-3.036295309314279
-3.237571216406258
-3.0851415541373437
-3.135541261793841
-3.1387620834307013
-3.1256718532769074
-3.14960376642003
-3.1440422700235797
-3.2512960062561156
-3.1483411916506685
-3.2979039471951177
-3.2477393526807714
-3.1513567300520293
-3.131266059068575
-3.113158057109623
-3.069447373515138
-3.0377449136940298
-3.082620769132618
-3.234239389648275
-3.207338009756956
-3.2717747553725616
-3.2742261548750027
-3.0953680827176298
-3.1740268797709326
-2.8778924228471294
-3.0938007879313973
-3.0732298957998454
-3.115535625402344
-3.185434137664185
-3.178788989406969
-3.1592332759751742
-3.228430906842883
-3.184974168065366
-3.2075729603129624
-3.0409122256851457
-3.086220063113401
-3.0667365262309363
-3.0992519462255297
-3.140090947208152
-3.1533203196462485
-3.01846507232485
-2.976838207491644
-3.1355677509641877
-3.12228336477064
-3.2444009837913392
-3.1421756431548324
-3.200808061107878
-3.1172070974005432
-3.0926677123097033
-3.1646229185396844
-3.118759592666606
-3.1154251694153197
-3.051549568596033
-3.036663158175325
-3.0021562223401976
-3.1293055792440105
-3.2362463992538095
-3.233166402232806
-3.011374186461738
-3.011418172447027
-3.202894391161215
-2.936719849060479
-3.050465005077829
-3.0641516576671273
-3.1621505512565973
-2.99900224308929
-3.1339831107241127
-3.0302406378451394
-3.091943057634955
-3.0974840085897286
-3.0872737019713012
-3.1793199846483184
-3.2020811881357867
-3.14096784141547
-3.245111989854997
-3.1802417252767725
-3.199394271868385
-3.139565473784937
-3.086611190002941
-3.191433532317974
-3.2370928952288893
-3.196317888425987
-3.0600410383604837
-3.2557895240223433
-3.129574044322091
-3.074164248636831
-3.1086555618672405
-3.170434716556518
-3.0966654854489413
-3.1678948195119876
-3.095849386353584
-3.0465716097334536
-3.2120954595275077
-3.1468621248424427
-3.1769838160622066
-3.0654096385763454
-3.267561409530939
-3.2917806234948355
-3.29507337108256
-3.1735173535208707
-3.117890088479322
-3.206820161787553
-3.162525773619946
-3.0648496878523015
-3.187775304553885
-3.133394591320901
-3.1789634655633194
-3.167538201385708
-3.306306954637571
-3.1304122744046707
-2.97506365349049
-3.071094026682763
-3.2099643661676187
-3.196064023615618
-3.0156454414795792
-3.076382880506853
-3.0466546367933227
-3.1748717920017704
-3.1971252660490888
-3.060575078099073
-3.1533014604746468
-3.128533363191818
-3.2223405510535628
-3.134781049504557
-3.205350203513425
-3.109975722808951
-3.1840108703409356
-3.0833411830761204
-3.1503796156361936
-3.034486384061156
-3.041658041264954
-3.115186455689653
-2.9176340946994346
-3.2250547443338338
-3.035111940794213
-3.2042333996899544
-3.0995291806527696
-3.087844935797177
-3.1800504022970317
-3.1615500765261344
-3.0522097437840254
-3.187774446191954
-3.0455634543162637
-3.2246587566929055
-3.081125865193308
-3.0524743319650742
-3.230337152986045
-2.920067699294
-3.159623958235496
-3.209169126801576
-3.060882627240462
-3.0974324561641673
-3.20028841448487
-3.1730071055535363
-3.2192179078151066
-3.1181169389254397
-3.1550202252965085
-3.093179822389343
-3.06002927572942
-3.1538738547721086
-3.3031101812156356
-3.2712796927869086
-3.162138180866576
-3.1962493813306607
-3.1097424217275726
-3.2563624161660356
-3.1267876631451554
-3.256148205612403
-3.261712318089207
-3.282673823470903
-3.2212015390236193
-3.1977847117909977
-3.0606483733739998
-3.1038771955393964
-3.2083021829684673
-3.157889568754904
-3.1018856376539827
-3.183791298050675
-3.1726322349253717
-3.2351945107231206
-3.145757627465189
-3.0752385386439336
-3.139251831939103
-3.226771387372082
-3.146041650317323
-3.052134630000598
-3.156966820655267
-3.185618552159284
-3.2467218027558458
-3.070145337947456
-3.2374156033711774
-3.233535042803605
-3.1188133875767563
-3.162985529042598
-3.191884899829304
-3.228435239391678
-3.0303473909392635
-3.210827506231996
-3.144619550009565
-3.0929766008508137
-3.1077510024730115
-3.1710946650138334
-3.164211293612603
-3.2039852311530352
-3.1158418810258097
-3.166210313080794
-3.14740112416161
-3.0963624194706107
-3.1264780677878754
-3.106282015784996
-3.0175457577375138
-3.1072338568186755
-3.0591518398225555
-3.066783110820868
-3.130600292635518
-3.318095164087477
-3.094190026388011
-3.106684786659141
-3.122861417861705
-3.145259250258638
-3.258093737530085
-3.1116412245833165
-3.293581597390424
-3.0285821136767135
-3.1201290945025413
-3.1851958945431353
-3.129923025934915
-3.1655151620476016
-3.2384263961262416
-3.220856024847933
-3.260020474274338
-3.1289394413052336
-3.223888618541196
-3.1249634487439035
-3.2288483208395196
-3.2060185015486864
-3.160743302828014
-3.2196477307442297
-3.096121911350228
-3.1118657406105026
-3.2103671119248203
-3.178255864422951
-3.0797360272720486
-3.041070050863439
-3.1921890432135087
-3.0463438961487186
-3.1839190303375733
-3.072943700722056
-2.919909186450428
-2.9626479734261952
-3.2736745891343584
-3.210312982309875
-3.046438306438261
-3.2009781595043365
-3.0715685865064803
-3.2920870977208425
-3.230329201371559
-3.231056651270353
-3.2371759343428157
-3.2421833712980255
-3.2432210914889357
-3.2074050209593303
-3.180402315431991
-3.2347981954535903
-3.1038310675913836
-3.1945873199611645
-3.064388688373534
-3.2322021190864962
-2.9430799874773323
-3.1148631550730004
-3.083496374039291
-3.0093665252991064
-2.9320337830439804
-3.212304865376325
-3.180729716231247
-3.210073183125083
-3.1128190105584737
-3.2167153219600437
-3.205488014505623
-3.1431007217101814
-3.118117601509531
-3.17577655881631
-3.2310688741699662
-3.149681033561462
-3.1854604733710734
-3.1298460446424037
-3.2836034405553893
-3.1072733298954547
-3.1929934194615934
-3.245175739859214
-3.2604388884885243
-3.1369108342191754
-3.208202806531674
-3.1607462025289386
-3.063418859024844
-3.1839250145205007
-3.0823206947545128
-3.1393217154437076
-3.1493086999809914
-3.1247476786261745
-3.0529009572919374
-3.1601206582953956
-3.0486562149121523
-3.2282716087992798
-3.093770008060586
-2.9278224255764784
-3.072351278378092
-3.0528874455141666
-3.0563921397952587
-3.1460082632109767
-3.162808722395529
-3.0571148866582427
-3.0340218261878533
-3.05096257536463
-3.121266139772283
-3.248608276297127
-3.3187332455325786
-3.1276704878204047
-3.1449139957017023
-3.137988793054463
-3.168657027560814
-3.1055072654773808
-3.035756299530497
-2.927351244269094
-3.135610593179901
-3.1517182457038335
-3.216347072217988
-3.0392209202786824
-3.193499085911641
-3.220348664675248
-3.0871683626964765
-3.085860863279576
-3.132543664958132
-3.1503446205297094
-3.177446970102574
-3.1177789228998254
-3.300448112129331
-3.0671925123401627
-3.1735724097272633
-3.0810991357553634
-3.074625595144751
-3.180904664291016
-3.1069441068124717
-3.196666786591679
-3.050416249481111
-3.021341653928339
-3.0509883208753825
-3.022078900882365
-3.189465237586413
-3.2220539152166543
-3.0564853274020334
-3.07162536251759
-3.1642636284116668
-3.0902994985071763
-3.1578452602806526
-3.1622598935284496
-3.156984910274424
-3.1644928337676093
-3.2399380145859826
-3.168968395710726
-3.102126444246402
-3.1069664432293824
-3.0135568543432796
-3.2222462324621275
-3.1706757219787223
-3.128436307393727
-3.0012781225092544
-3.1803595650983816
-3.0232843277508867
-3.102363526937582
-3.1565194795014553
-3.1044532413599395
-3.1562076355098596
-2.975988792620626
-3.1135912089460187
-3.1277999231142353
-3.0218961892850214
-3.187283692072171
-3.2954562738825506
-3.0158881508840265
-3.1222284204913717
-3.2829647208063335
-3.160063581285946
-3.173980449419738
-3.2311812756816103
-3.155302148832334
-3.151706569106846
-3.0593367245753296
-3.06390269349743
-3.1180941561333446
-3.22070147586313
-3.319970617989792
-3.1141362804797605
-3.228870000202518
-3.2364434765937786
-3.0917242398677116
-3.0295072051366225
-3.2399827628090287
-2.9855374107379022
-3.0828349300862676
-3.0120615277320018
-3.2073784201588857
-3.112486609006337
-3.0492458319448628
-3.21986419062908
-3.123943579790646
-3.1386721589956075
-3.1306725404365263
-3.216473162707217
-3.0560268960395103
-3.0762269955817145
-3.232730476776524
-3.089781196103538
-3.158629386904906
-3.0236182369024123
-3.1451726597913345
-3.097291957002422
-3.163597596488856
-3.1046340533059156
-3.163885717816532
-3.0731162265840375
-3.142348998680956
-3.105224953417251
-3.128777769426879
-3.173864943614451
-3.169998382090197
-3.179561100660083
-3.2363879925462014
-3.1804170598939936
-3.1153397836021086
-3.17341274141916
-3.240699471904378
-3.193532183883512
-3.245702286008944
-3.131742479208734
-3.228079200350377
-3.27445205177253
-3.039461007911519
-3.041621561021413
-3.21254616578289
-3.144750306460789
-3.091856246346426
-3.1337581732388595
-3.1974232750828686
-3.138588376303094
-3.167384427564965
-3.1792667860136414
-3.1234257352026304
-2.991170130833281
-3.1994625394282603
-3.2261725277980395
-3.1069564277316983
-3.1393863296239983
-3.154497567193735
-3.1235817474750553
-3.0402863477570996
-3.1867517559505787
-2.9838422531133117
-3.1929668852861117
-3.3248866737015668
-3.1850274078569845
-3.1874071962910064
-3.1183554604792563
-3.189701448433661
-3.147278366388574
-3.190633775815918
-2.988473463285765
-3.117131303697166
-3.074223939876137
-3.1472823010211197
-3.069801825799818
-3.086192635856829
-3.059969556886318
-2.9006858045230075
-3.1170771978257275
-3.2227410505376963
-3.2643055063302255
-3.014265372615506
-3.11002259264225
-3.0896746207332986
-3.1938829829238324
-3.1365640539627595
-3.202851486247323
-3.2486870757131197
-3.0816844447424074
-3.3029085251626578
-3.1702568965545628
-3.208950707883781
-3.104882738560804
-3.2009826892032645
-3.1471197730699414
-3.0782263027703167
-3.184332775823638
-3.1841208623464543
-3.1460685497728376
-3.096681815965801
-3.047725926692932
-3.1394620971119984
-3.111479119922085
-3.1583056588555105
-3.2558636826023535
-3.1665055184077007
-3.127740902751431
-3.15122030378016
-3.160815100679752
-3.167883269281134
-3.165889509413248
-3.0973239243086943
-3.2087268708411023
-3.0567938933812626
-3.034584974072627
-3.0810876629531236
-3.056011167357826
-3.1144120312482695
-3.073178967237136
-2.9331512780267146
-3.2019621274214543
-3.2141442948622347
-3.3671045008378986
-3.148062010780852
-3.2151046127767655
-3.0585175747093984
-2.99480143195023
-3.0929215400658125
-3.1385989854072447
-3.17331151044185
-3.241183454591865
-3.0761995967942255
-3.071435576394238
-3.1548404492846
-3.101859498248832
-3.258045213490218
-3.00249872206102
-3.1447738196836763
-3.1387107893565225
-3.118695630261353
-3.241213883959693
-3.255931970998379
-3.293007418853644
-3.4168724184513932
-3.2390849632281906
-3.106660849995026
-3.0828495610322113
-3.1599503278236303
-3.0995592190729524
-3.1980840667173545
-3.0440403012585056
-3.2749975503121376
-3.191628363810559
-3.221354226867169
-3.1499738520183795
-3.1196992441471827
-3.278434030380465
-3.1902296450985066
-3.180798417877057
-3.005072544621139
-3.1274582287646
-3.1700587704534633
-3.135255885459432
-3.1376570158571746
-3.1077734477456174
-3.2764950887548663
-3.1228898022867178
-3.116137591498885
-3.21633711571202
-3.2655602280772826
-3.1488485004013915
-3.1720579154034136
-3.220384885318704
-3.2685788966687075
-3.1346790863180427
-3.0976312121995995
-3.2249143533122764
-3.10594291978102
-3.220450895794853
-3.1202163738324646
-3.228890192860356
-3.2244108663010462
-3.079619074827137
-3.119327663359
-3.1502447631319046
-3.1831733793342663
-3.239743330207848
-3.200339345407573
-3.1389178852960473
-3.1791476900168187
-3.2158731603907165
-3.08089663428503
-3.213760829106176
-3.0836135903385933
-3.193858362258678
-3.233379118086735
-3.146509110796728
-3.100394624351509
-3.2405176003724887
-3.118152878752004
-3.1607469538177093
-3.17995053803705
-3.119747764621624
-3.0880026266394918
-3.142607196946064
-3.1200700376453874
-3.2443472023516393
-3.2073281335069908
-3.011602264019858
-3.0823590237941505
-3.1561675057793512
-3.2135858597378704
-2.97300964667704
-3.0699057948238595
-3.1039565915153515
-3.131365319688064
-3.2239970141578245
-3.102648641124457
-3.0682140764563446
-2.96424176047062
-3.1092278524910033
-3.1950416190060866
-3.0476191107221093
-3.042124576459112
-3.0898656195406358
-2.9823718942402815
-3.272066017545309
-3.1235201172551235
-3.0991682421157134
-3.2162121203065674
-3.1404327281099036
-3.2368382090545804
-3.1758596173356928
-3.1903897639913157
-3.1132304015509904
-3.0812670950880197
-3.0578014640290854
-3.113381067171487
-3.1753462451832557
-3.206328665900699
-3.1763195206220733
-3.163917595145169
-3.1982367482497307
-3.0734178575598774
-3.0552793816148163
-3.20328077552612
-3.0985402330800222
-3.1463801533259157
-3.1626744231777035
-3.137378229695425
-3.086286557838948
-3.123659066390435
-3.107393353946136
-3.0156481931166588
-3.1021849977268596
-3.1476256697399445
-3.029787565068937
-3.138180723324828
-3.047851766344816
-3.0802909791278754
-3.1438032683970123
-3.189231994581491
-3.217808945907947
-3.1778761421580928
-3.1138800544308793
-3.201147960515389
-3.0751253256100015
-3.1128309033338892
-3.0530488872447763
-3.0779967234287255
-3.076061933114185
-3.095301684441053
-3.0893538366358193
-3.231963550477659
-3.1039139366530137
-3.2009664326973226
-3.164257929238192
-2.993892677888181
-3.2000208170932183
-3.1600801185433793
-3.1330484390910205
-3.1489289850453877
-3.129292991155326
-3.2995203918454474
-3.0370220986762257
-3.244893818119779
-3.095278549045482
-2.959897523473939
-3.083821409482445
-3.0069570198075213
-3.024339777610411
-3.005606226591352
-3.18782411326133
-3.045188656906904
-3.0329429438191373
-2.9986152160155535
-2.930448051463695
-3.0919640144301304
-3.138323514740427
-3.1029239201005305
-3.131098328251669
-3.1146631449886697
-3.1235960350080854
-3.171780286040277
-3.206753827909486
-3.1710899116285964
-3.0166514634596
-3.1976951635858546
-3.0364981609852966
-3.087369957513908
-3.1420511055118667
-3.1970152731670516
-3.0992440798660565
-3.0814811535972377
-3.101264727280095
-3.13554414320217
-3.142462003966004
-2.996987973294908
-3.0762829439129233
-3.2483814527585393
-3.0920438219676067
-3.070291131736709
-3.06820959365447
-3.151952989597648
-3.1871308251398096
-3.198435453751331
-3.1966472646599544
-3.247344095988441
-3.116972765151813
-3.248365746864601
-3.0904052038017835
-3.0354509529565004
-3.159151485456818
-3.070811617470899
-3.092959459361444
-2.9786313595983893
-3.1273882398165087
-3.173922886320737
-3.2403657994635546
-3.187613675815231
-3.1722604984622156
-3.119324117235369
-3.087239299278528
-3.102641779821305
-2.9793192817346705
-3.057239179641046
-3.0875018941179753
-3.1107827066452636
-3.0718063028937883
-3.1979444295051542
-3.2337886215135954
-3.229333477122848
-3.1079807691091896
-3.1242560640723576
-2.998729480246309
-3.3003263630522213
-3.219714734923294
-3.13582594440953
-3.2389785243318068
-3.091141432497113
-3.0570622742767584
-3.059982009893529
-3.096844424038539
-3.046648731899302
-3.1224150149494063
-3.1095115658341155
-2.999956179344015
-3.0069251894009397
-3.079644359115504
-3.1449874385134304
-3.0965516411938436
-3.1686658327830837
-3.1175972629828035
-3.150380838490908
-2.993500303046285
-3.007842940117621
-3.1145932995523604
-3.054440387274167
-3.1548152423571514
-3.2254484799722807
-3.126770277020693
-3.0929780900536876
-2.9868070170253613
-3.021623061132286
-3.155510384899107
-3.1729801762387284
-2.9783694807171526
-3.154426302421748
-3.236234488983423
-3.2472055349668887
-3.263188307365832
-2.9558307188239907
-3.236839258321583
-3.1492779939542386
-3.0519908486871725
-3.1260382009496364
-3.2665657499406517
-3.1784169369497914
-3.2232997991867784
-3.1236444583690606
-3.1654940983383564
-3.1881303019742835
-3.205228607496337
-3.1307272097340455
-3.1279294475623125
-3.130968365282531
-3.1765831017076693
-3.0493625322763807
-3.0511151138801744
-3.1549300516705934
-3.224661667867996
-3.074307764046261
-3.184368512620641
-3.1438581480116614
-3.1619077414977856
-3.039210147937483
-3.1501071409994075
-3.2609725020273537
-3.0532707116873836
-3.2069663297887523
-3.1685933005212887
-3.2314296907855713
-3.2224486593809925
-3.1635884317426246
-3.173166632091352
-3.214107529389055
-3.1422417984705966
-3.2792954617513015
-3.131886481700968
-3.0368485012476327
-3.153437644665011
-3.07039311278727
-3.097481011719838
-3.1238150116773715
-3.3225353807163653
-3.237619264632296
-3.0571077936819444
-3.3165619315693107
-3.2988735140527696
-3.181199565934669
-3.261280289740677
-3.26516925062867
-3.187455848160762
-3.168385571863776
-3.188057812289654
-3.220328566491358
-3.2309185767421433
-3.302987517970296
-3.051855362557597
-3.1836650960231174
-3.3053310420575253
-3.1404843535279783
-3.2259416937024987
-3.117395886135221
-3.1895377722918674
-3.0991673181330968
-3.2097095989576276
-3.1938481452270606
-3.221012105642696
-3.109496668577572
-3.166040147677563
-3.1297802523183553
-3.076911238969413
-3.1356862531613126
-3.136173251090603
-3.091762024209442
-3.16981223984874
-3.1152125269661664
-3.1316897207121235
-3.2369309432596713
-2.9783353933338437
-3.058045175060599
-3.1819337765613716
-3.1481423220427045
-3.2543322009215454
-3.0571953350564485
-3.222398890448677
-3.0256202398594474
-3.048542326163239
-2.9677098234284838
-3.1787424310000505
-3.144036487663891
-3.3258540205584968
-3.2832544230143834
-3.0247081815746206
-3.0758333325858
-3.2256329526525125
-3.0505465138604944
-3.19198156049673
-3.2115375898888145
-3.3189411499560104
-3.285515405207571
-3.2460740338698866
-3.2795917061425097
-3.302975722336606
-3.2300712781366823
-3.2183241297804166
-3.196615078984058
-3.134944047091864
-3.2336761236967235
-3.0109585896575286
-3.2206901500628216
-3.0633339204232817
-3.1579161816601005
-3.2054571785368973
-3.1245922054593867
-3.098510811759885
-3.1544697018877796
-3.1408342999152064
-3.224614261670767
-3.1159007789132893
-3.1221642657225077
-3.019587767758031
-3.219894644175278
-3.1165115332072624
-3.0921049165886636
-3.154397372319234
-3.044038007757516
-3.138490891725944
-3.203098470946336
-3.1625753949096436
-3.1454824347897494
-3.155718718348922
-3.1110457584220264
-3.036145334645087
-3.1664382203636894
-3.1387643672973526
-3.0638362076578676
-2.9678647436238297
-3.127200202406069
-3.089689219029624
-3.167078249102539
-3.177409208755833
-3.0490194302767395
-3.059622555900267
-3.1230013512052452
-3.186757855787357
-3.0394984651305674
-3.1340085176717394
-3.1816282651330936
-3.1788287013700174
-3.161653323519456
-3.1759495237650084
-3.35109611950589
-3.097231945368114
-3.093792080499588
-3.147832552395607
-3.1679018050486825
-3.1620517894436837
-3.060525310992933
-3.0232169101807136
-3.011543624830577
-3.108135088711103
-3.272366888611732
-3.1964240969473763
-3.17251428124551
-3.1505270841799455
-3.262110155674043
-3.307266022357563
-3.2323786776533923
-3.212464954462255
-3.1107500049436845
-2.993562028805353
-3.127906873329166
-3.1814359691020586
-3.080636337959067
-3.023500612628207
-3.147113392860721
-3.1594681279307077
-3.267699047167307
-3.2523291585929126
-3.100844033528539
-3.2538121078710778
-3.0870441276017835
-3.1669754244352193
-3.2338415621329766
-3.0118553317387478
-3.049249051985891
-3.2063118330953317
-3.27279741800119
-3.134668874918665
-3.194222529145347
-3.203099744771293
-3.2550306079560567
-3.1234017542843997
-3.1629243591772984
-3.197494310912215
-3.3303663554208423
-3.226235666054841
-3.242556892784682
-3.1387813066598516
-3.1866404010932246
-3.2586020321560567
-3.304525738538764
-3.183707110666658
-3.1084812899936725
-3.165012037179583
-3.0613119768804067
-3.1472946555371535
-3.2707376720155286
-3.205529613602028
-3.2120203379418886
-3.119184616115458
-3.291370364576275
-3.178330625556652
-3.1219927859225454
-3.2564208878711365
-3.249313048392693
-3.1520780748292325
-3.151994446723315
-3.166025448541768
-3.1230684727471925
-3.067819126345663
-3.1817703269328153
-3.1470264857721264
-3.0828150323010366
-3.1114876675596554
-3.1684525370928007
-3.239780387895757
-3.158790918860977
-3.071125046096753
-3.131897125382207
-2.9865468999790137
-3.2146519132645013
-3.1844917026707713
-3.1984805393717073
-3.1046338310575123
-3.1353201860969775
-3.1483483315641063
-2.9394997863440455
-3.2335648205794274
-2.995877969351037
-3.2345344577150774
-3.106945548908556
-3.040670865339609
-3.1020608502244214
-3.1643797524950843
-3.168711633212756
-3.246165461880032
-3.1041677992415804
-3.0567181430260537
-3.0742324645143566
-3.27227339700933
-3.2123271584734585
-3.1125178085200416
-3.118139009165206
-3.1941126152690877
-3.1405031633264024
-3.0774325739381565
-3.1842751801758538
-3.125604157489454
-3.0252030467510775
-3.112422241286127
-3.1345666492022577
-3.196007960294949
-3.1047815136818246
-3.1327226798363337
-3.0800518924432403
-3.0592325209888505
-3.0676144633820894
-3.2295090423258905
-3.1307102089501377
-3.2265654418034693
-3.1655824256259835
-3.2167889694148615
-3.266970832673616
-3.1736065719510917
-3.1414064662358148
-3.184080668885469
-3.161889253071781
-3.1758933614352465
-3.0742727240996404
-3.1291632148071686
-3.1077056704246204
-3.1747124919140264
-3.067777102473363
-3.238474265122442
-3.224073760996892
-3.1996947473274973
-3.211538109461244
-3.2857489315656365
-3.1664487697309225
-3.340902076014031
-3.09226541407922
-3.1062305792294307
-3.2063017624318895
-3.1428641480547896
-3.1686572969957623
-3.1430445751514675
-3.1077478501414526
-3.1822219494914914
-3.0380627971372745
-3.091875591353664
-3.195261054653505
-3.0420150944527444
-3.1096165524031987
-3.223886851367145
-3.111012867006727
-3.1341405445495756
-3.2199730140742866
-3.1463772970492845
-3.2791972195153063
-3.1363030751788163
-3.196834023739097
-3.230349015889093
-3.1780718938022487
-3.113716888837099
-3.0456264356051514
-3.14866353998942
-3.351359567930304
-3.090619606219934
-3.1787079349007374
-3.1286575947123065
-3.172464158792407
-3.0226970610768076
-3.1196903786513603
-3.0470532657270746
-3.080732343156124
-3.15371148768686
-3.14026607567453
-3.0988411797096087
-3.098590441961172
-3.2474743041778447
-3.2780676808710187
-3.135236259300557
-3.1214935015227026
-3.1522246931250986
-3.07274204632543
-3.128186171334531
-3.155825005994296
-3.1647918846852874
-3.181112765338192
-3.082294178606892
-3.1023093265991575
-3.14822304838421
-3.1746228859054266
-3.217552907334843
-2.9588100620858206
-3.0492633585076567
-3.2835105249698824
-3.1050790520629543
-3.233356783018181
-3.157103828789945
-3.1657549819740765
-3.2757118967499514
-3.1891640791645512
-3.106942469673652
-3.229656147224307
-3.17038890228426
-3.2882771120963925
-3.1552496622489263
-3.232546741834329
-3.226592373123415
-3.2121139735393864
-3.1847451277692813
-3.2460702344218917
-3.232236003016145
-3.0122824552861163
-3.11508068596651
-3.200585930981484
-3.223904476092404
-3.1798724108749616
-3.2036512105099444
-3.301404408444357
-3.2129795734169506
-3.174006707862514
-3.1138720802257827
-3.233907043128982
-3.2326455642904053
-3.2228621287166708
-3.325631118276289
-3.243683582113067
-3.220728221542799
-3.1661827132117897
-3.217556678381598
-3.168892233051783
-3.1687726113776375
-3.1185374030983386
-3.0636917461109046
-3.193681509613345
-3.0861969877029822
-3.236178315535373
-3.1383250192161842
-3.1442032296464024
-3.1678709543833
-3.1677226137204046
-3.094230643508232
-3.182577135631232
-3.1115276411430846
-2.980655410260295
-3.157334387906995
-3.1710836028138782
-3.1503874379023333
-3.1190137738133354
-3.110985526748927
-3.235790583186622
-3.219760693700677
-3.112174243556836
-3.154341601756217
-3.1241025372287434
-3.128611665639812
-3.098011821034408
-3.2104072155228955
-3.1493346810540506
-3.2197867220947285
-3.246265123015108
-3.2378627453014848
-3.18679359884822
-3.0795699214907133
-3.178809024951873
-2.9328514774731733
-3.148544214718919
-3.124568005578146
-3.141901885528083
-3.102354825028736
-3.226495914916555
-3.15229561490907
-2.8925178968479206
-3.0194703366130096
-3.1528503764074673
-3.1168889447620542
-3.1031897047244197
-3.1615334434875875
-3.0070061419351672
-3.0722628696208205
-3.1305988169729977
-3.128043568572327
-3.0442249350918975
-3.136976069985476
-3.1842633356173455
-3.2662730136932567
-3.0440001737858693
-3.2301946057455444
-3.079574603399065
-3.2186485860434164
-3.1488206881374072
-3.1065530694886543
-3.166758463299449
-3.043327760227158
-3.116245321512928
-3.091185115105384
-3.182731787298145
-3.0864519205484804
-3.216467038023688
-3.1525204229458406
-3.1010380603789094
-2.9851554503605375
-3.090730145912497
-2.786815796904945
-3.1614747961863285
-3.073614930837032
-3.2699038411563537
-3.193303488792417
-3.17895014775415
-3.182828718214326
-3.1832762938488286
-3.1978789961178182
-3.154695045238662
-3.0493165414314136
-3.1437371430411907
-3.1828755679997873
-3.206758104820194
-3.1994222379415747
-3.160496789261115
-3.1852024754031287
-3.217558771877551
-3.209394657485812
-3.171456054151802
-3.0733722193650497
-3.048342772894353
-3.1467784472239178
-3.223644968902676
-3.1803671537740597
-3.1180536549720856
-3.1088554043449674
-3.1199137547441205
-3.2163984408171897
-3.2201247367300705
-3.2028272893586016
-3.1311296698185704
-3.315852121187282
-3.0312125310341442
-3.16272948870206
-2.9728240965610446
-3.1741352591318464
-2.9253934486400808
-3.089057626295792
-3.12864544237436
-3.1628639345861638
-3.1569065486231938
-3.1299260603606327
-3.0938935388233593
-3.1086580713735406
-3.1327784232432467
-3.1866183937500367
-3.1721122287910264
-3.211106404985314
-3.251428079935917
-3.1783076226403306
-3.1989149209896492
-3.1290482718737915
-3.1526879964057075
-3.063895446260737
-3.166657935005087
-3.1731272995997206
-3.1359053269367725
-3.2539002041931635
-3.145729355590098
-3.1524688865549497
-3.0942491821086047
-3.122907334967687
-3.1720290096658634
-3.2008871405693786
-3.146280347638741
-3.0245442611709676
-3.199171127361371
-3.2392073500899086
-3.0825031542658756
-3.1309874443544623
-3.063509011579857
-3.037423368068487
-3.0495554114185928
-2.933613360808753
-3.1143503663624044
-3.0892795040631067
-3.161571812843814
-3.2401711994288656
-3.2119916931508596
-3.2393062611570387
-3.0507028679616006
-3.1568059425172676
-3.033133991800679
-2.9841132428201695
-3.0194219796097825
-3.2202499443556634
-3.1926414241120926
-3.0308923188873274
-3.1335941951261987
-3.2061703671007633
-3.25895055227428
-3.199692771072496
-3.2489878845939186
-3.12918349209958
-3.163398057676053
-3.0454087153075036
-3.0730780520335106
-3.1204023461948633
-3.252384399777006
-3.1124672696463414
-3.113066647476606
-3.1894432583719383
-3.185911878178109
-3.0195265065196053
-3.0850484115694523
-3.0638278755287707
-3.103053948815104
-3.1640395275393947
-3.2315991142013827
-3.137018916958308
-3.0922486577107704
-3.123816339852601
-3.2815037524734407
-3.0677145779965826
-3.122682838167775
-3.2456995747301587
-2.948355344668449
-3.169887508981244
-3.0322084322568177
-3.163258023591231
-3.064746707461632
-3.168657972660443
-3.0678712637742533
-3.0896927106203553
-3.304277061300229
-3.0652211794783955
-3.1883067366555338
-3.1793680558009125
-3.1434629528121856
-3.102320920750161
-3.2013911021554646
-3.2217260689088034
-3.137702009512231
-3.235088199241618
-3.082344009426203
-3.1374565409746564
-3.0825523194678484
-2.9698141088149113
-3.072922795812342
-3.2430223038606676
-3.170536844043329
-3.052593390597837
-3.102797058679712
-3.1879622386047055
-3.2221768938082445
-3.238094091212263
-3.0142175055633635
-3.197287338986974
-3.013065954853218
-3.1384665785396875
-3.2550489019411657
-3.090735978125619
-3.2064250548757784
-3.05842729098263
-3.222880370089292
-3.0721920654461004
-3.1329277774655666
-3.07178299477484
-3.0498068529514835
-3.054755829164952
-3.1549470215519357
-3.0645759394694796
-3.0937840290342136
-3.040082223801034
-3.0651463768733085
-3.122424335048483
-3.242562243505277
-3.2237585225859235
-3.1735078546709805
-3.104914256533399
-3.0197866627919763
-3.059194981000922
-3.1215024382390912
-3.022783580549363
-3.0565715627703014
-3.1211265119439147
-3.2279540174223507
-3.0352441821728333
-3.2105802176891762
-3.140685810995174
-3.2465453683342687
-3.2332682301670443
-3.3406980610837076
-3.1553214722956766
-3.2348207964356055
-3.2374849324584853
-3.1923786705705464
-3.1857861324675762
-3.1289864850008304
-3.125472898968257
-3.2775478465359256
-3.2494046655453612
-3.1519758905890694
-3.2665654921850837
-3.1725875489163697
-3.3268385659065918
-3.173110784916527
-3.202922794548982
-3.057296530362893
-3.1574626504025867
-3.151811151761201
-3.168673790302841
-3.070362216471014
-3.227321778541072
-3.165906172669825
-3.1066916486505045
-3.289405078060039
-3.215737464995704
-3.255964180127509
-3.2100524434925215
-3.2070086711336625
-3.2247269890995485
-3.1713790999074
-3.188336122506618
-3.202819824909867
-3.2969855473573926
-3.0800142533943795
-3.1952354783795807
-3.1846643287689123
-3.2028678730555855
-3.1233741718807595
-2.987126748691404
-3.196238908405483
-3.239031715299081
-3.184588890872786
-3.170684140675167
-3.1957101290973737
-3.2426815854784183
-3.082394413242519
-3.08955030383481
-3.1693162595117883
-3.1467412752256037
-3.130824202919736
-3.028398889055808
-3.035836318068171
-3.121990304675469
-3.171268920008137
-3.279375459438852
-3.2134146123278207
-3.19400551529208
-3.0433175480727397
-3.1377465461270786
-3.130623029904987
-3.08248714893365
-3.298868359194123
-3.2291771915050265
-3.239358887225929
-2.954269863417313
-3.0069673140851183
-3.0542612563975196
-3.0903141546458452
-3.141913649546774
-3.2208049696117875
-2.9831189428641216
-3.1515583154349804
-3.026085731306334
-3.101822719497032
-3.1109637460348547
-3.0825907069975744
-3.1942328595361
-3.056471696549142
-3.1536732332252893
-3.0800147292703515
-3.163121546626113
-3.181276472353284
-3.255232428931561
-2.9569460125682694
-3.2868568137733956
-3.0389014942730643
-3.156821980815829
-3.2405115412385816
-3.166191094144713
-3.243211954540216
-3.1017923896934083
-3.0760440278334733
-3.015301833000937
-3.212206108203544
-3.2064314090406203
-3.1481196441393124
-3.192425390616182
-3.204586648816277
-3.151612018981804
-3.2664537127570243
-2.9795718116737926
-3.193860537773005
-3.205532489454532
-3.125825104572272
-3.2632669343151837
-3.1471480600662285
-3.206270430123808
-3.142953892587866
-3.0843355131444463
-3.036117791836578
-3.1067812792630973
-3.2733680844821977
-3.1421788992246658
-3.0700942982330788
-3.198984412504595
-3.090214761645706
-3.213306674258837
-3.2903526441432795
-3.1689108103764356
-3.1626085838968856
-3.1397116159091047
-3.219132375731357
-3.1342861148393495
-3.082573726480397
-3.0811967698365947
-3.1281416790624004
-3.0801627139658736
-3.1720712746232618
-3.1665741695874248
-3.16175758994209
-3.1260284386592696
-3.1843744468548323
-3.104159123108456
-3.0280924513062586
-3.1930567743397957
-3.026945485177722
-3.146674697021483
-3.1444743476996053
-3.191793299626144
-3.120058791779067
-3.0644339976485613
-3.0801211977287686
-3.039481161490882
-3.076553642395641
-3.0468875146616234
-3.167271637094882
-3.016695776372938
-3.0666149087750534
-3.0445119317869107
-3.140325692042661
-3.1738077255897967
-3.147645731556019
-3.0998317070425503
-3.1791360777071076
-3.0298938830999367
-3.176828610045662
-3.2002783328594084
-3.2285771306330098
-3.2071830060742985
-3.0330111801683706
-3.1923129946014286
-3.0030829483803267
-3.300170961190937
-3.2048948075625194
-3.135261430666871
-3.2252664356077476
-3.2032825544133363
-3.0690688891477214
-3.185996804102469
-3.115506315810088
-3.2275718569393352
-3.236820912286614
-3.1830971560908896
-3.1619710103983905
-3.1815916659707817
-3.2073213779012684
-3.2600806656882493
-3.2315847933336364
-3.1055530503703235
-3.194697080162243
-3.0858774972449305
-3.194038542567156
-3.289801664524118
-3.2508617117529655
-3.056609682323777
-3.242800566479385
-3.1854509473722175
-3.073326550433119
-3.132863257466832
-3.1423472678632187
-3.201390361989551
-3.201013083381152
-3.063080708283879
-3.11119214352627
-3.0982981933744096
-3.1261027629651896
-3.1761528237564955
-3.160176695483812
-3.175084461682103
-3.239330779315838
-3.2185311488925326
-3.080027588622163
-3.1066305392566202
-3.2615366070079896
-3.152608763368315
-3.089265104493017
-2.983418622450362
-3.157968184391956
-3.1833317233100935
-3.226204122361456
-3.036372009874619
-3.0933526387002677
-3.0366718977464124
-3.1550923245686455
-3.1074775545415387
-3.115565855247529
-3.2098790039679246
-3.1874329693471695
-3.090135658652838
-3.1211544100543467
-3.138852597801488
-3.12226101890573
-3.21751869061587
-3.184391226681584
-3.3211344937752614
-3.255758436973073
-3.2826121839753704
-3.2113750347921632
-3.054745567374169
-3.24245991835147
-3.1702404248086844
-3.266073366127297
-3.278840558169684
-3.119091800315738
-3.121996444607476
-3.1416976518909787
-3.0597919079929206
-3.1492213855708093
-3.180033896393839
-3.152843683688163
-3.060746725942877
-3.0793518394722175
-3.0086200628076925
-3.1557241426646594
-3.2243616292995942
-3.2082709311815165
-3.1862702937996437
-3.215503583716905
-3.123390268421225
-3.1113522482467295
-3.291278745097362
-3.235243908710097
-3.1818745544053666
-3.2164816148556357
-3.1901001792521395
-3.251365399285965
-3.1236911517274706
-2.9015241887413263
-3.1851538944418616
-2.99020585698415
-3.0895820216863563
-3.1883368543106885
-3.1816347328309456
-3.1741580124129936
-3.2080537305527654
-3.0679746126767378
-3.0465178193267097
-3.1866809509036718
-3.112339637410853
-3.1263445338894282
-3.1892144129363755
-3.2279979912659824
-3.219408998642115
-3.181140282911934
-3.090008323629555
-3.2086370290289215
-3.137828878795546
-3.199510990411432
-3.2183567193103197
-3.173671042602377
-3.132702722387318
-3.159840495403751
-3.1706988040009674
-3.14747322758163
-3.11441023877612
-3.2747031650801883
-3.200288833147387
-3.2299791306667225
-3.1363633819222874
-3.2241564116164043
-3.0743882827462072
-3.102425894123995
-3.107979197778704
-3.1334542051271352
-3.0334754510448207
-3.141040568770814
-3.093953324041428
-2.9965132912852943
-3.0651670519119802
-3.181611230591401
-3.1204606847402636
-3.159059393766522
-3.113129718101675
-3.0471213505862766
-3.2765834430672256
-3.059778870708627
-3.0957848873866602
-2.9908097853942497
-3.2367877700773846
-3.1416207086654024
-3.0094590959192624
-3.037642082774268
-3.1987111146950427
-3.0607721789290365
-3.013379807993316
-3.0003574718674826
-3.059585619919695
-3.2555724356329607
-3.218656039720334
-3.1029534062452537
-3.27025485425838
-3.1337856693525667
-3.0936160485023225
-3.1633593180903845
-3.2310002589582023
-3.133276887058421
-3.069461429931509
-3.1432606708305557
-3.005183544054104
-3.040827178715182
-3.050606822585968
-3.1073115556706523
-3.139291477750269
-3.085314891879962
-3.0600608201304245
-3.113167057634132
-3.2917954839518337
-3.1790946579582315
-3.1906333446157005
-3.1647426070996176
-3.1313961826172174
-3.150892987156603
-3.185707108991061
-3.2895143980470025
-3.1763733766311786
-3.1417716566804006
-3.2315227111412694
-3.274584455911551
-3.18191075107694
-3.1788831888859925
-3.121623409721548
-3.1167213513517824
-3.2678566385665806
-3.1502086435079253
-3.127434118384303
-2.97963230787358
-3.1580792792890957
-3.224069403302677
-3.1545676056115104
-3.032198304507954
-3.151240998746257
-3.170266835582529
-3.224714935959181
-3.1652684272989258
-3.1788698553251744
-3.186672128329875
-3.2313494977737367
-3.153109823374558
-3.238383593361348
-3.2350605725270873
-3.0846785135804975
-3.184342294996702
-3.2096775242639177
-3.032594355033085
-2.983004316919422
-3.124211887166405
-3.04942288261694
-3.0574114144550033
-3.1264146467355296
-3.249121053890749
-3.197884054977077
-3.0295286773877965
-3.1321394700602134
-3.2346551180880723
-3.115796766013704
-3.0068928301011923
-3.125368649102951
-3.137628552510067
-3.0759469069082246
-3.0443909915296774
-3.192354520523273
-3.14046874431762
-3.122080346186132
-3.1636073261400384
-3.1296747356448327
-3.1596351120202466
-3.1116099496882996
-3.1422543956518036
-3.0413645799195734
-3.11434342887414
-3.152618650341574
-3.1359757096107885
-3.24861182932016
-3.1938422769585735
-3.1877968522235887
-3.2252046809284085
-3.093897107633849
-3.1280228735085505
-3.251055316060343
-3.1127077876467966
-3.165948863311057
-3.121218844151538
-3.2022184757062693
-3.1693530424829337
-3.192583688915584
-3.115440837225633
-3.2254549597374864
-3.2387188603315242
-3.2968118960066737
-3.3687203637505787
-3.3345764776028592
-3.065416598183122
-3.1693466841541316
-3.1563223245662844
-3.2910285343920442
-3.248557232742786
-3.187840603022127
-3.1471327345493303
-3.040704950485314
-3.0983875159070777
-3.061304173191449
-3.1366802093267383
-3.0696323561183534
-3.1645433547140294
-3.0789584019701715
-3.190785530283805
-3.219162992227374
-3.113285193719829
-3.144637607281302
-3.1976954909706796
-3.095546096787895
-3.2588273314914824
-3.264134281218796
-3.0420961545297507
-3.1980451172449973
-3.1933890803692924
-3.1989134806581117
-3.0893175508240387
-3.1875635837083274
-3.158250880399698
-3.055322041450593
-3.071179138489427
-3.0485881472588146
-3.1521818619498196
-3.304804327930627
-3.2162166593241337
-3.0906129313949884
-3.1400764390283484
-3.1383280565791924
-3.2670459400214633
-3.072350465104736
-3.1418670475167163
-3.0769535847971046
-3.1481675212765317
-3.1309510146431894
-3.0158238208524057
-3.1876523929821343
-3.1197255747983133
-3.078540185513775
-3.2063860818522074
-3.141233647640763
-3.0089542390771684
-3.219521433209345
-3.058548777760153
-3.1617567865265728
-3.031669762934379
-3.1589456728275733
-3.137785073324668
-3.1476464045414203
-3.2067145065369442
-3.1502796815920378
-3.1677998776345646
-3.0704502661323927
-3.139284017635465
-3.1281470658844186
-3.24789542432332
-3.1865217198887437
-3.2903536995484357
-3.168934375197397
-3.2506032276477423
-3.270042029962857
-3.173206619632519
-3.179844241846609
-3.0762136413618646
-3.174707411624382
-3.175803552088487
-3.1966406676497288
-3.2135923624232476
-3.132506666045396
-2.9993596014883845
-3.17658916467814
-3.2067635160299504
-3.1250994184712972
-3.0916365023360477
-3.303557028116576
-3.097605651233209
-3.1063920928617508
-3.129689042732912
-3.0858684484685726
-3.0880486615997595
-3.2655491800373966
-3.334232502351062
-3.1338398876082
-3.184537529136949
-3.298720979952871
-3.2905021563177907
-3.266764313097782
-3.152697452583997
-3.215246327377845
-3.0954333636566815
-3.1981446197857077
-3.169076968712568
-3.1293135286930696
-3.067207336275236
-3.031249343420347
-3.1617332271631664
-3.115548548015225
-3.1878074973460726
-3.258644725638875
-3.1501565111643632
-3.206481169765061
-3.176239439057395
-3.264910607011615
-3.138162119625316
-3.228670823475258
-3.0454718617788363
-3.0778344071999038
-3.249257474678631
-3.079718332461983
-3.067197184519391
-3.0244648167043864
-3.1196072818807297
-3.131223570456602
-3.1494338475748047
-3.0149184323157727
-3.220253634949048
-3.3257681241673187
-3.206898909083725
-3.1217589656074227
-3.2030067970416036
-3.2178483599844725
-2.970495657393308
-3.1741266769504284
-3.0920659075055075
-3.2386003062301096
-3.1980297857382927
-3.1081667696108117
-3.1375845502092568
-2.9981442377605636
-3.1478009682768464
-3.0401304512803247
-3.1074272442604207
-3.125800535722848
-3.1287406170413488
-3.165685730522571
-3.2106798314736085
-3.1749433455702687
-2.8918592356876696
-3.0896504577954658
-3.1633958881762045
-3.134948340626488
-3.053460534600037
-3.24876912711382
-3.0743440435198006
-3.13888344399363
-3.2800421752070026
-3.1327298162914343
-3.120543697546553
-3.243017286594884
-3.2322780607820043
-3.1892011369786375
-3.0842359741687506
-3.2706314735978856
-3.154579738460354
-3.101075356606186
-3.1909705231116097
-3.0133100731892393
-3.1690389368207126
-3.090364716435607
-3.1903729257897884
-3.152619256265936
-3.1992560923256237
-3.126502605551057
-3.25134208401932
-3.1078403196039806
-3.2405049877266765
-3.227907200915431
-3.1523716216546536
-3.3768742425630567
-3.231973633521703
-3.135526580156785
-3.120858604985663
-3.1425292124402877
-3.0316896921342833
-3.1256854688003357
-3.1208561417437988
-3.006524768438558
-3.105222279362632
-3.231739197506946
-3.22610273866353
-3.157567877896993
-3.2092629620578172
-3.1628523162781916
-3.040005723894368
-3.042551614546803
-3.156083496539359
-3.0936801982758446
-3.1422173607314416
-3.1690641351488216
-3.15310504961407
-3.0555063882895404
-3.144610254228439
-3.0743886983545683
-3.1113143125753537
-3.140197029885036
-3.164179808994041
-3.0291886675304016
-3.012258784644613
-3.085877804700719
-3.0321741349151163
-2.934890882384286
-3.065956781457871
-3.189797353560289
-3.241694970086885
-3.1144827887300477
-3.051459437351338
-3.114880772792329
-3.2373615764414496
-3.207367759650399
-3.1071228501847066
-3.1904949007783903
-3.117410121187247
-3.030673632703264
-3.181846760820057
-3.1090941930274725
-3.074800341180353
-3.0903163234124262
-3.043551539395742
-3.2431091564931838
-3.121035905532273
-3.0131663453862565
-3.1586879571359634
-2.9843747790131903
-3.335887590778356
-3.2965840660167585
-3.0324424644262593
-3.1956996393471377
-3.281289880970741
-3.1582796308727272
-3.133593007417596
-3.217337022245396
-3.216213335822182
-3.2448344406416885
-3.143579757165276
-3.0861045395024935
-3.141734158740779
-3.109710705439409
-3.0146106274812525
-3.042384444928016
-3.248833927824462
-3.101444829736243
-3.055100510840081
-3.181404347675013
-3.1188458981339164
-3.1082834391736447
-3.2193630778157685
-3.1860446053542306
-3.059098795128485
-3.0155001365890723
-3.1580432105158973
-3.071012620705326
-3.008717704792984
-3.186770024794494
-3.235886697847296
-3.2179809138483604
-3.2464297953171446
-3.2511133624463504
-3.1717227728351025
-3.3347792485135788
-3.1826037472276387
-3.0796626183606435
-3.143312688892347
-3.2585131227296116
-3.0771106222053857
-3.263930070662517
-3.2242933748007583
-3.1915146309451643
-3.195415610317971
-3.2152665063912287
-3.129350160043048
-3.3224110079210942
-3.2669101482696554
-3.2699315787089067
-3.1468621676947803
-3.2351974485010704
-3.0646225528525624
-3.133293414369868
-3.2096439384457165
-3.0413260759461114
-3.1244461106600334
-3.0040003218657843
-3.036073742721829
-3.0412890390779324
-3.1785017932328885
-3.2504791090373635
-3.1722966857638046
-3.245096837852068
-3.2079049889339006
-3.1677487861679197
-3.223416810833389
-3.096355205604642
-3.11472890961233
-3.0047715695541424
-3.129576984807796
-3.1747071066618435
-3.0919916711096316
-3.152268189433266
-3.161751473406798
-3.0850975819803823
-3.012580353045767
-3.0600247332525568
-3.0846959624794055
-3.1597351024509117
-3.1179056166711634
-3.1925488263080366
-3.055570679903032
-3.077061890240705
-3.191981079989709
-3.1304118864247075
-3.155738691389743
-3.2370598911593915
-3.1590879395613753
-3.2274797377248188
-3.149288252515944
-3.2807008988120607
-3.0247452578928096
-3.1994765760798463
-3.0570722317475885
-3.2331550325206018
-3.1471597057989875
-3.1998891614846285
-3.155187208578545
-3.140520510544496
-3.208985462249466
-3.149883490168151
-3.151528386250448
-3.1270530053979244
-3.1195681758540443
-3.1749772349697203
-3.197458382655823
-3.170931750837629
-3.0493170564606413
-3.1315434727961486
-3.1837276732246185
-3.1843708937019852
-3.080849660009883
-3.0865693987210454
-3.2402169762394983
-3.1761322042756808
-3.0975558005635366
-3.1617566098757495
-3.1262838641922133
-3.1571433307207504
-3.1969238562815154
-3.088314808038412
-2.969446824479837
-3.1780151241769836
-3.096320694521292
-3.1152236423948607
-3.181172722061835
-3.179826626462979
-3.181897860264276
-3.1688719938756473
-3.1548173806874154
-3.0999554752305984
-3.147640951554591
-3.1643253114771754
-3.02521484825288
-2.9522527687292612
-3.123404237753828
-3.182954751764178
-3.2115779167400245
-3.0449792616062683
-3.0523572530996437
-3.160166930397693
-3.160001254571305
-3.1401667732552085
-3.047784180212544
-3.04691351312817
-3.0706037017688086
-3.1610894373346503
-3.100401908035872
-3.0822034792698965
-3.152473829255022
-3.114823109926877
-3.0810751911224004
-3.2829942062388016
-3.1143855567805434
-2.9166063006101655
-3.1843027740566634
-3.021308964044027
-3.07173028495845
-3.0207107160451705
-3.1753390908706
-3.235564227133499
-3.1129262239385826
-3.127439851896686
-3.2194592841073497
-3.0379701519940396
-3.030107629427194
-3.1994837038568913
-3.0666895417215945
-3.0694540417166616
-2.8734465993591267
-3.009742952745131
-3.147540984994441
-3.1105566807303604
-3.0985784946178696
-3.1118948738861674
-3.0195205471793862
-3.0034179290168628
-2.970503147140211
-3.129171219123553
-3.1494668722239276
-3.1371437552226524
-3.0321221067595814
-3.0197247662579634
-3.161412001559326
-2.9681169521594386
-3.119673432547127
-3.1824953471599975
-3.047566098271557
-3.1037007832076586
-3.1610017748926196
-3.1768195670508517
-3.1316602217317477
-3.283754372365973
-2.989051364118032
-3.167333599499398
-3.136814983959507
-3.1833619886260203
-2.9730959639881807
-3.139950979224222
-3.2303156897968703
-3.1170394550797327
-3.0706716962352694
-3.126220904372287
-3.0975842224347923
-3.088743734294093
-3.1985322211894975
-3.254020734183844
-3.118182726049165
-3.264074560438026
-3.188365777989148
-3.322897764570692
-3.1737969720114125
-3.10687474289564
-3.196077748757674
-3.243941887094473
-3.1055189140344504
-3.051216331852111
-3.074010455083549
-3.139970420903377
-3.171014013920821
-3.2845341478450707
-3.1559123550956008
-3.255556382252584
-3.194840460420408
-3.146794882544923
-3.0285211557366125
-3.1234769396841955
-3.1748482057412613
-3.094283225466575
-3.1097396236531782
-3.2290475879094593
-3.148854695136799
-3.1626221681978164
-3.067324908084585
-2.974631993694649
-3.1424688224718693
-3.048133505874857
-3.162285049913907
-3.2560351669722127
-3.068899840448085
-3.185947634021902
-3.221007178543815
-3.2104800530013504
-3.0514982832564495
-3.2494648385751916
-3.210096670817105
-3.0303392059590415
-3.079910894114448
-3.2688436758428634
-3.0470024648465897
-3.107554660698061
-3.109674986288523
-3.1838533367540807
-2.910609822802534
-3.0019796052723398
-3.052960507424669
-3.096396149273014
-3.2011267998943715
-3.0995019130586554
-3.1263034688098013
-3.0675019232434484
-3.038461187291566
-3.2634048682670396
-3.113750910575762
-3.162965302382819
-3.1912525129663747
-3.1571925998708292
-3.1200535984181954
-3.1198374876078043
-3.1253394610820635
-2.993906000878439
-3.1373611047131464
-3.1453470097625225
-3.2201654537236983
-3.044372282054896
-3.177081842715907
-3.1961163364612006
-3.044544035661878
-3.236636337122424
-3.1237562432455848
-2.9925860380697786
-3.2569537940767135
-3.1452086320756867
-3.113154132160526
-3.1032168935106075
-3.1476849520341146
-3.082461013834963
-3.183307420625167
-3.1174409004888757
-3.0949614361476994
-3.1030902782998067
-3.1127349969192166
-2.9949371834587195
-3.1509546423777937
-3.164767093683982
-3.1717649596804267
-3.2246600898541105
-3.1076466796580826
-3.2443118891713554
-3.2092647880625638
-3.242909872803385
-3.155719089886921
-3.205476481889215
-3.2980803037227777
-3.1416915591383043
-3.1350719715665134
-3.222915859758073
-3.0841372577690147
-3.1844569864350767
-3.269324745820121
-3.2275295238305035
-3.168375087115614
-3.187161699691747
-3.115731195407219
-3.082019515364718
-3.1358015451283285
-3.1284972383096585
-3.238319739729816
-3.1562925410855582
-3.1364207589743263
-3.1993134787829973
-3.111953802960636
-3.1221690161671187
-3.1297872540933476
-3.040953372905109
-3.1489725390287937
-3.1291551191462785
-3.2275865340066963
-3.250120555810826
-3.058658514940084
-3.157207259193828
-3.112057706410419
-3.118209338851337
-3.1891938186325284
-3.0778916693072023
-3.151760148368292
-3.0432818156067594
-3.102896673359549
-3.153739630103508
-3.1766073258657785
-3.2005754892057365
-3.0831890422985246
-3.171915970944949
-3.1431963813681123
-3.1521029707874892
-3.1160956926018657
-2.978407629414515
-3.2393162948982104
-3.1667540064035586
-3.150082692653369
-3.1864221369997763
-3.0740481736940932
-3.1116869210869074
-3.235026121353649
-3.2728243023636345
-3.1499952314171007
-3.1586446495996103
-3.2407280471674493
-3.2633336839961236
-3.1820832683235443
-3.1682307672516474
-3.135385729093363
-3.1212672922963574
-3.111174936419549
-3.1325051557630785
-3.257321419484153
-3.15332397822395
-3.3407958137253706
-3.2057037993251503
-3.2267059251573635
-2.9735790980434653
-3.079007568114032
-3.0487599502405374
-3.151451352658883
-3.154701057432811
-3.1504529440174487
-3.1805502612855765
-3.1096717151370235
-3.1377234804314655
-3.242616793054556
-3.1102588779369515
-3.1598124326027666
-3.0851481776544514
-3.039549287964277
-3.1668868300050588
-3.1878330293452883
-3.203404169669641
-3.055830105594932
-2.9142611549599535
-3.1128801778891604
-3.103058247827064
-3.0756402902064095
-3.1666417567888767
-3.2508504012568737
-3.159239973146598
-3.0473011147270133
-3.052838518771681
-3.16121754873652
-3.2551325977188683
-3.119807556547191
-3.0883491940448935
-3.168568355058971
-3.0255016486846493
-3.070736722618343
-3.175887870341644
-3.2038036163010473
-3.16302208901814
-3.1362453335250597
-3.080024980321532
-3.1028248884782013
-3.2423570722402495
-3.155894203033467
