-5.828481032903612
-5.831762361409519
-5.831677810277647
-5.835025554824455
-5.835480127372531
-5.834014435456461
-5.8396900479340745
-5.832333521511715
-5.8237691896261135
-5.82404731093808
-5.828269487035592
-5.833463982915351
-5.840721840032596
-5.84333108441755
-5.834353986280058
-5.835245803646291
-5.834205013223946
-5.833626745524162
-5.831371400664925
-5.822046583624434
-5.825145176569301
-5.819317337484267
-5.813124133211254
-5.810969218486838
-5.816669027297627
-5.824671796418645
-5.833704521700991
-5.829687188649542
-5.8344453824840325
-5.827864789035418
-5.833323840845994
-5.821408762726528
-5.814274025058454
-5.816342355397815
-5.8138277172782615
-5.821343220115864
-5.825808550014595
-5.818743408866657
-5.826155996320767
-5.828113544327106
-5.8400713905789585
-5.839569660321109
-5.839448344827669
-5.844046535631552
-5.854061495133397
-5.852742416298837
-5.854094706311695
-5.854555747938725
-5.852406088040532
-5.850885660036298
-5.8468099365957995
-5.84985619999506
-5.848376378526406
-5.843907612169341
-5.8485124657855385
-5.849945891637606
-5.842129899279394
-5.849788371918965
-5.86147317365809
-5.86019000582313
-5.861591411877993
-5.852086078404985
-5.855870237629218
-5.861403762292242
-5.842597335137213
-5.843023297398792
-5.838672421325954
-5.838391292695389
-5.841976626936368
-5.843691361211893
-5.837911445178618
-5.8347885870199026
-5.831967470575645
-5.829728886058242
-5.8234447908513625
-5.827539367819184
-5.832007779618976
-5.839745247033461
-5.832128573842897
-5.833586387458656
-5.829455030103794
-5.834580981911319
-5.831488314166767
-5.826309905010372
-5.820470550224979
-5.824079387325131
-5.82719836882585
-5.82814811714463
-5.8196131190502465
-5.8318938442855135
-5.840478656196201
-5.8335662520984215
-5.83734175330258
-5.82170437865689
-5.8199286158544625
-5.818029978787446
-5.824028645625855
-5.8224410966565765
-5.817746611470829
-5.807302313111608
-5.807161537022443
-5.801234390454972
-5.808667032302632
-5.81550733309323
-5.814471113001566
-5.8064524271257865
-5.81357875969035
-5.820770735711034
-5.8169759602349
-5.809938707005301
-5.815495994818247
-5.817308633872496
-5.804328935551054
-5.807183710922305
-5.806008465467476
-5.803480223492199
-5.807278270065877
-5.799452475332905
-5.806935065096592
-5.802892259094614
-5.806274001310117
-5.809428216326184
-5.808991599597403
-5.816258261203495
-5.8194147298750485
-5.8283485814137475
-5.822947820997995
-5.817773335899217
-5.8136810515341395
-5.821695984702067
-5.814941578386002
-5.817448114040836
-5.824077797826494
-5.827063070415325
-5.830798684097906
-5.826579901985623
-5.8296786594337835
-5.828799221050629
-5.813638917126837
-5.8194791119652844
-5.816574577667482
-5.820530942741795
-5.822543354038488
-5.823841420359457
-5.827753466245509
-5.822823694572584
-5.820537883933003
-5.8220837281094715
-5.825548071607442
-5.815762290166611
-5.812112880204733
-5.809957246786955
-5.805279652499577
-5.811688620143796
-5.820184087909994
-5.821054296474565
-5.8104543319325845
-5.818075064496525
-5.815539506112697
-5.827235264151524
-5.829687020930025
-5.828186737324651
-5.830502081797366
-5.826981282727375
-5.816270780980262
-5.817731857325159
-5.815316596041966
-5.823565141579315
-5.820332106453403
-5.819467282344571
-5.819882295087684
-5.819135560445407
-5.817168682479636
-5.827112043732676
-5.829335120862726
-5.824564018120738
-5.831138216615081
-5.833291334611531
-5.827816688187962
-5.818547766243716
-5.810540655161936
-5.809270620656307
-5.817100733617458
-5.812662014700878
-5.815335399864596
-5.819170218332948
-5.8207875450139515
-5.812696045630112
-5.808961685865186
-5.812544017338528
-5.8075115612960815
-5.815103860101901
-5.8151879404521365
-5.818362184838443
-5.813294493178701
-5.805573194817068
-5.798734158040594
-5.801301679774645
-5.810762178945063
-5.814701455059001
-5.816202676360796
-5.8178874084280565
-5.81708551150208
-5.816317993052768
-5.818817027180908
-5.819316865465418
-5.809519104695011
-5.8159986212103485
-5.827338708872644
-5.826306544865919
-5.827304774549879
-5.83134423925059
-5.818449549855216
-5.813102087900042
-5.809887169182421
-5.806143945042374
-5.803918239238653
-5.803507891276172
-5.79785059624556
-5.796497122252468
-5.78816072319048
-5.791977264137108
-5.808106213121805
-5.808483732436304
-5.7960357855033555
-5.7955398302252314
-5.800638705266201
-5.800016914989503
-5.795554146940144
-5.791420437111235
-5.7938831640445985
-5.794131002746933
-5.798958477518431
-5.792790387175226
-5.781948179475152
-5.773817565471112
-5.774840793021395
-5.775782531851219
-5.77145093421873
-5.775596903841673
-5.789296798531247
-5.795807510128127
-5.796508893290436
-5.791009603660448
-5.796741077914138
-5.788002341995276
-5.795288842687781
-5.797355062759274
-5.7913574466612445
-5.7837163363025885
-5.785888544722598
-5.79023825383965
-5.786835156552489
-5.798858532919462
-5.798390230914214
-5.794305264028169
-5.809179708663051
-5.805244624713168
-5.805664474798975
-5.810693488554356
-5.8057091529269265
-5.806052857389717
-5.804996284897445
-5.801709618398165
-5.808011742082844
-5.816780756375247
-5.8152943505653285
-5.819666683440971
-5.81899450356635
-5.821879021279038
-5.826221696995282
-5.818851850544623
-5.809669538661016
-5.812513718395582
-5.8009787579230885
-5.807546087973119
-5.804977667409107
-5.800922017696866
-5.808584737726928
-5.811517447005131
-5.806183524367463
-5.801610179738547
-5.8024660768835465
-5.797056018793546
-5.7971683292342995
-5.800257169789698
-5.800474720171395
-5.804199257014922
-5.802756682363995
-5.802930762370208
-5.8008218520998565
-5.794192370903657
-5.79093675396
-5.793481847482717
-5.779033011162601
-5.7886081634758675
-5.802017068299432
-5.802799823406295
-5.8042689503693286
-5.806130136504121
-5.805445609122387
-5.80112099513769
-5.801192188863963
-5.790231280629715
-5.792375786132429
-5.802714716406918
-5.802074774511944
-5.800050530044899
-5.803062210644985
-5.81054325337078
-5.805822016573052
-5.797780556722504
-5.800768730262696
-5.796413996415362
-5.8055932960012555
-5.80369982219378
-5.801421513976597
-5.806930825327165
-5.8055553272572205
-5.804092151363381
-5.8057944190899455
-5.812056934560805
-5.813409272357575
-5.815650927840035
-5.822279825018138
-5.832099471869647
-5.827046731731531
-5.824740687994721
-5.83165730348244
-5.838590112519351
-5.8289501003294975
-5.8373480950372745
-5.84392730432543
-5.845085402706951
-5.842742390863696
-5.832022113623862
-5.822815498963363
-5.8154222417578865
-5.815688122993064
-5.810205304991577
-5.8151324122834405
-5.819485898582169
-5.825372816021491
-5.8229256979420105
-5.812984294849612
-5.812973345924301
-5.815845288287583
-5.812266623272212
-5.8188964964908925
-5.820833402895932
-5.827547901196715
-5.816438857793648
-5.822152612267594
-5.822060341545754
-5.825935926994589
-5.837552792884536
-5.8275690212288165
-5.828172430095723
-5.826936856894686
-5.828876040940162
-5.818834213610079
-5.814231981258903
-5.8016480504562065
-5.803008016566882
-5.807227554057975
-5.8173496363554476
-5.810640988329383
-5.80319169247068
-5.796739908661689
-5.793700411870337
-5.786104425034622
-5.791003468406303
-5.7890205814179625
-5.79963918809425
-5.807492840892697
-5.811262424747553
-5.811090404246991
-5.806155956187531
-5.80630760902439
-5.815743643498074
-5.8079571647792365
-5.80200068900513
-5.796180409894077
-5.796982490822943
-5.801254396816625
-5.794350093996801
-5.789492164973056
-5.790808516964314
-5.790982819775
-5.7872853740222565
-5.7777365703719745
-5.774724001305037
-5.76096044330637
-5.7675304936408684
-5.7688909743403896
-5.769102573670311
-5.7693389005587585
-5.763696974373365
-5.7592060944524
-5.759497689627646
-5.765767562937833
-5.7633724378652165
-5.764790716108823
-5.774497641213367
-5.7812759089546475
-5.778256572010435
-5.7811537553996555
-5.777775716292357
-5.786394372743475
-5.783435862607727
-5.789965355372482
-5.788884316065189
-5.787298624807883
-5.79163582669664
-5.789386489183984
-5.79301521623531
-5.791662563169973
-5.801740032480934
-5.802578055445107
-5.814134020139144
-5.811651862800418
-5.810177467997557
-5.806145415543475
-5.804964123332223
-5.8030888077850555
-5.792862171872387
-5.788751514411068
-5.79069027557691
-5.790297123188747
-5.7880927346173525
