1.356168509373903
1.917253483205232
1.4971082958083552
1.7610946898661903
1.456091259822316
1.2827420337951045
0.8941560433232062
0.6869742809720092
0.894452947947548
0.9335515600210463
1.2488738970256115
1.1436495316934194
1.219016354252105
1.1658702843593733
1.0347170922480917
1.2777058394288814
0.872496678515304
1.2865117902011896
1.4739798442153615
1.097840170922641
1.0314790854788196
0.8181631708607738
1.006619551797709
1.0081120326349042
1.1649706606764836
0.9742572264673558
1.1485881301271428
1.4328027684709566
1.2666045313128291
0.9702754353746071
1.119133738665095
1.1547500256667993
1.3774802818125094
0.8264183641559933
1.4672938566539648
1.5054685189588943
1.1535395859087052
1.1432866705290259
0.9092922203428486
0.9308004271684359
1.085379237805737
0.8783788784809952
0.6254586121818179
1.3606473372685923
0.9290199292331555
1.120563731731842
1.1244118087624886
0.7257312519018341
1.3612142500814928
1.3925122377695547
0.7858950938015642
0.740850075646485
0.8031777853914353
1.3367927945949
1.429186267359929
1.171943476911824
1.0811074241856278
1.0225191888134988
0.8159081013300344
0.6391271463727188
0.7530805594284551
1.0078705131924717
0.9963501616602036
1.2248846561193547
1.6278840103096457
1.2067756425465745
1.092143884861033
1.2166690157229563
0.7360812077895562
0.9790357144051475
1.0777875143991587
0.8919492014786109
1.0197399475710685
1.2650804357969785
0.9490215428487451
1.1547505400519824
1.2262057722460566
0.9339898522963775
0.9008009446919069
1.3893853067922026
1.4970093846570367
1.047539671248999
1.4226340853366168
1.4406943204184377
1.0058861435392707
1.2399381177338298
1.0278150415276692
1.0916071152282287
1.4283638187803234
1.2952687069405318
1.549751200641317
0.8145613330889714
0.6575859954584686
0.8719051583153867
0.9834052757773989
1.1545900724638336
0.995496177675555
0.6620397833489221
1.015693173747944
1.3295841589567239
1.4322734339472747
1.1140396400768178
0.8641084887220986
0.7410900267063577
0.7154797389720016
1.554899096500408
1.7322433066255898
1.3745654942228938
1.5360048245038085
0.9906918858427051
0.8382542740527178
1.29524000005748
0.9431206311689088
1.5177730235750952
0.7137319325786508
1.3329757928931572
1.192537116239403
0.5212024705485391
0.5968789967315058
0.9986173982279808
1.0016215504696637
0.9259902900615825
1.2661823180354639
1.1855770628757678
0.8863656945857528
1.1721232708278673
1.0466315570328693
1.2600264238225147
1.125670992634869
0.7948484824369679
0.6325346153616315
1.4232916722228377
0.9663609678087589
0.7812628469620788
1.4312181687794139
1.1214742881921786
0.8738511770942541
0.8626919524425307
0.7368743406797867
0.8722966909288342
0.8256353702402347
1.4360396863055285
1.0075585015760447
1.3477619773189162
0.7944473886419053
1.1729174205514723
1.2715460115319308
1.176936547946091
1.4609122580098672
1.4392557598856466
1.1739131010970745
0.98195963511587
1.0749450552874356
1.0539694420698071
1.3385731605827322
1.1636907351857555
0.858165536930241
1.139660780839599
1.1717497176990197
1.2910813879139877
1.2280358707429726
0.9232733674982062
0.9124195128805987
1.0174246733140817
0.8650085313515938
1.2067629511137066
1.243717161690419
1.2386174833394723
1.1117305830174742
1.043190143140451
1.0658408812181652
0.869119028186309
0.9506018606626753
1.0535341074025748
1.014596898063104
1.1827395685660964
1.1004852911096006
0.8338646914683225
0.8089115999788495
0.9306679204661342
1.5884213553573794
0.9816725600864625
1.3595801841771862
1.0631948157926943
1.314304438660139
0.9997906204080836
1.0026694774367708
1.0349480158724984
1.2047319853585394
0.8711132766619694
1.2860372607296513
1.2928590592589715
0.9938980288612956
0.748666422957597
0.7935980738507276
0.8208966757160047
1.1080300945022676
0.9412795045236563
1.0995126394880996
1.0366432352269739
1.1280501306279338
0.9836242608306617
1.076857673609981
1.4700081131137317
1.2838961835463243
1.0863709140335585
1.1159997514050173
0.8241794119981461
1.1638832059797097
1.1831649320658073
1.5637369339439924
0.9524023952840032
0.8987022863820975
1.125874760305266
0.6648838499902653
1.2347263767920966
1.3198392721180054
1.4895771286602533
0.9312275577116659
1.1721950716676246
1.444055230271839
1.071602300175271
1.030057968611543
0.9006489700469039
1.0289513941096324
0.8235476751642551
1.0185699804088353
1.0564904662736918
1.4168270010062378
1.1023789920175644
1.4229285563575473
0.770478645446734
1.049660089903315
0.9459772933204355
0.8165118625397716
1.1056560229457035
1.2196952881177086
1.0027516043900893
0.7342619911160879
0.5103434860173642
0.8419740961919118
0.7673973726987001
0.9747715468436119
1.1710171114806425
1.3827218912608497
1.0694633052297258
1.275120549882638
1.1411624484300735
1.0359830468978917
1.2710752107508412
1.1506747248823723
1.0768280350789694
1.2320066385040878
1.0850373038194103
0.6507005490159602
0.864765931333445
1.2253042712440776
1.2235695857123858
1.1730096959829508
1.1908435727921862
1.035653972513068
0.880373023627604
0.7323958771586575
1.035241098971833
1.0195367640095354
1.0433308825784864
1.0115668240124558
1.2357920661451636
1.2655936444102345
0.753323383680878
0.8243901878951876
0.8765168316538693
0.9888234014572269
0.6831800626433687
1.0553557804206504
0.9367698761848225
1.1915243691344999
1.326874522392397
1.6857953108260457
1.1327616303019403
0.7600032804516035
0.7945981028371454
1.1457101358173132
1.3414523166238208
1.6557009573190635
1.2332825431207137
1.5272093678809673
0.7692795914385895
1.1914074147217373
1.196472692668094
1.1884132597775663
0.5649380156036067
1.199928077104763
1.4923331468114371
1.4587184370806794
0.7410975286608988
0.7055653040827211
0.8973839006202255
1.015140838426535
1.005123000805805
1.575150369731581
1.6114724448856477
0.8600894812040825
0.9986287865207305
0.9780375163476104
1.0291840386723503
0.8252591118777827
0.9986686154262551
0.718024106015774
0.9501040952801233
1.4477738032851555
1.366656176902301
1.0763332184561203
1.0039366402011878
1.4017371460564383
1.075954926246763
0.8683978810469845
0.9597433150885798
0.8564153936270611
0.5982459297254253
0.8488993564109985
0.9032920170364404
1.0363296216193891
1.4368089789038063
1.1104164968315569
1.0697913644237649
0.7485311909810336
0.9075475778829358
0.47579408360025666
1.0389762918307115
1.0033071130087685
1.1254516206766647
1.1051777129011615
0.9716544153042347
1.3029241216475367
0.9859387000799787
1.040842701582529
1.0745612277306114
0.5978452669137252
0.5564807004621287
1.1479729439379676
0.950585365121361
1.2317867654373655
0.9418474837934042
0.8279280911713931
1.064383930991853
0.8100320464200567
0.8214379718855008
1.1170529129566054
0.905662429345305
1.2297861645372348
1.43453740777996
0.9908225169672985
0.621271644265296
0.7272455129028258
0.7660310093056951
0.907057926862986
1.2519488265147523
0.6967181583156646
0.9370717734610244
0.9674726902891776
1.3957727055614697
0.8984381584118978
1.2746991197743833
0.9691023454775344
1.07695936932881
1.3653305179113653
1.073549981347388
1.1368978610144787
1.0431624107019917
1.0004262618741389
1.2155098369829012
0.9223878182192656
1.0629046898929722
0.7186738567333453
0.8793349860438138
0.8746473449318182
1.9279426657723104
1.6292772816728025
1.1227380412807497
1.5830467838782531
1.073908510226943
1.1449887249268662
1.101530921724039
0.6994587102263
0.8486108625679566
1.0635305787534988
1.073325703795551
1.1173050116571424
0.8421412075375895
1.062652522435067
0.9343222418800351
0.9861740409390537
1.04497309209874
1.066186163798237
1.045842059650985
1.091295845093169
1.2440391344851116
1.208651516251409
0.4248170826757275
0.5741350378265494
0.9918160748225052
0.7031371318244808
0.9580039435061661
1.1862058812387777
1.0400818146949913
0.833812758969032
0.7043624245898731
0.8547960937915535
1.1042143668997855
0.766970370064651
0.8138238025530956
1.1464697571847762
1.3051114572421711
1.189229689939399
0.7378363144759209
0.854048602016142
0.9854205667216173
1.0402129986134836
0.9211030276347717
0.9616431982661394
0.6576527513332158
0.8018007933604403
0.9662805608686583
0.9498418511510455
0.9868999746630535
1.215341169432949
1.1922269533327714
1.419314868405983
1.3883275488966014
1.1847256972107079
1.1888697264934711
0.6872712898558774
0.5709166793325159
0.860722336589452
0.7616227548372205
0.9123583702333858
1.0504182114062732
0.9002322416641401
0.8010914769936129
1.199723919984524
1.0113858621313023
0.8776618437276246
1.174804106249094
1.4306711589092322
1.213325918703588
1.5287370870038286
1.48333939952085
2.026227801436927
0.9809061675283949
0.8915051513130837
1.1904736417966606
0.8696007601103041
0.5820652479188958
1.061094901121823
0.7061685713611
1.061356894247611
1.1270862360822504
0.8083707247067715
0.9954041833087951
1.0453832220718535
1.1503944961361747
1.2518579713253963
1.0768622004720936
1.4692630705498435
1.1190689513048688
1.339650380382924
1.0035366063077857
1.2425216798859
1.741358589967596
1.5301165687662124
1.3382080952494784
1.2965241797431444
1.1619311399421068
1.1612257949321645
1.411448109924884
1.3161855910968923
1.3848322504456885
1.2076137458073286
1.0785485892274025
1.139288981308702
1.447611459083598
1.2758223817677918
1.4563260001395375
0.9339411699382353
1.157105086470951
1.2621448084787235
1.1345920225896995
0.824184906060678
0.8481424056072611
0.8156639563240411
1.1465083946501677
0.9319256114517515
0.8820844917746428
0.842850471955798
1.086994786494388
1.5453020741869334
0.9760334717111901
1.0905664450737595
0.825318808936272
1.0325877364228466
1.141350841404011
0.7276651595958562
0.8758612292592555
0.7736513917992346
0.7030310734335391
1.506061305612604
1.1431946985692358
1.36079261418435
1.067496217661615
1.0888673356252714
0.9296245485306068
0.8128476753449747
1.2579988953472845
1.2145837687277516
0.741106673920294
1.0828212814402638
0.767295768509826
0.9560658067100908
1.1815794081083686
0.831240388126077
1.0823519293765433
1.2154656967217021
1.4492190212313494
0.7136163555654261
1.0321702464043236
1.0108258158188523
0.8968431401228508
1.1682359121198744
1.1608926359369351
0.9143560133518023
0.9909924929449808
0.9690958118013869
1.2104609999508602
0.9234577580267255
1.1098851973402186
0.9003588261414444
0.7633856055774603
0.9422328467749518
0.8986532483435098
1.2556837202899014
1.1867857462446152
0.56504101289917
0.9026176840326638
0.9988514331588579
1.198107422097749
1.3295853781862506
1.5914634785622725
1.3110994743322422
1.152601915039094
1.7144910960159372
1.0009986811939453
1.0151221079029453
0.8768238858107155
0.963380256583889
1.059029513192821
0.7160228287009328
0.9402765007871682
1.2013229742433422
1.0170450526456134
1.5474650012101905
1.1123982005065982
1.2237156378779543
0.8505475815613316
1.243588859950544
1.141107249197191
1.2589984676408177
1.039053934004256
0.751568359733123
0.8862956284896191
1.2523756649732793
1.0919009486419007
0.8482129168372288
1.3216073774497443
1.2233950062556964
0.8891840692564895
0.9100312386774311
0.5269492592962527
0.8421276181538474
0.881169816208769
0.9647710182326735
0.7135104450320296
0.7246727378870506
0.8023856527264901
1.1702848644720383
1.1006088003882737
0.9474845235715535
1.2755460359241448
0.9839881568715868
1.2097349057191435
0.9825238815973617
1.0098718584799617
1.0710025206593012
1.0508887754387595
1.3905902309699079
1.0246246301005895
1.1798594554531543
1.063717928232266
1.02245795309166
1.1234740804793077
0.707796380611306
0.9895832868342541
1.378525417784519
0.9078133194753203
0.8668064662315261
0.9011850299926814
1.2103811334417272
1.290215060122922
1.3321172199306284
1.135051319598722
1.2004724775372546
1.2510463269997363
1.0580026564470766
0.997001888754934
1.1082556009263538
1.1589956256937586
1.366336988174186
1.0520260989945107
0.8757735117624472
1.1142822877158887
1.211150627722814
1.074960745695205
0.9625280746044139
1.0479958000484169
0.8099268966155099
0.4538466291769764
0.932560457415793
1.2907207373792517
0.9423064052459441
1.566875229644654
1.2601947908078577
0.7865898011362212
1.0750847371706618
1.2119880081098984
1.0422926439766815
1.3624923173725245
1.4100133963374732
1.167992290673923
1.5079858669210777
1.1991265036994219
1.1338015367097194
1.2967519911549727
0.9292768291800678
0.7457409766456122
1.0488879061539944
1.0434348418862827
1.4605811365253618
1.2709568899669987
0.841632063060097
1.101092989171518
0.9382965586516036
1.0120520948735598
1.4811277199706314
1.3135442373210924
0.8742592911201491
1.266721686308688
1.0756083960437055
1.125710564936844
1.1082987955828025
1.175763023746438
1.036299156595276
1.1169474304907916
0.8513760274534817
0.9061755196683864
1.4799575201394757
0.9313273443455764
1.4550347743082568
1.4543729266864216
0.8933292926448645
1.0656459551666702
1.314808418490842
1.2628488359085444
1.0922483879269294
1.6760626617644907
1.3498948148594203
1.3437314055031293
1.1097910499099852
1.3953804442832247
0.8914829265483173
1.2161504900214826
1.1590115574762274
1.4135978968034122
1.2426513716689076
0.7492091282205302
1.2868928609525883
1.1946050337077487
1.3652004453881164
0.8221397531601435
1.2210308510172811
1.1813289726370595
0.9949132884888142
1.2202971179401993
1.0961764882183462
0.86264741848985
0.9111260964687607
1.1194067399710839
1.1254137682056684
1.036543078042291
1.0876596494016042
1.0113837207972245
1.218484257453941
1.1527109279288277
1.3325133923694268
0.9103479203456772
1.0150202410136455
1.0230470198381507
1.1253809463440299
1.298192242386079
1.1248159330641578
0.9920276120401507
0.8456632578280348
0.7349162415172515
0.6339683500072074
1.1756515224937538
1.1618875576228693
0.9365654818900196
0.8804020327359149
1.0623805050758985
0.9284622034374476
0.8240471719286503
1.126956344511485
1.275048497600454
0.8193671565676939
1.4199324706121463
0.8990603352315013
0.8004713865735926
1.3653410398467098
1.0397057635974174
0.9647916364131225
0.8304596446785507
1.361543253256729
1.1500700002865964
0.8538697529975673
0.7760967744942137
0.899474003996132
0.5956020194891839
1.265070891500151
0.966785258053822
0.8760144521102667
0.7145174033618066
0.9347214452190266
0.8507400050987374
0.758938607382227
0.8953725896303406
1.0282090478358494
1.4869478543240184
1.61314471727214
1.4471856696273795
0.7879799471934967
1.2791214465352383
1.1811334976026702
1.049544416201031
0.6318463348257689
0.9993068171265523
0.7654925525580681
0.8686918404274505
1.2320872881147915
1.0543310945746924
1.280015353983692
1.0240486744903698
0.8948389053134354
1.380481217788124
0.7461477051729155
1.1235809299007977
1.5305073601305565
1.063843143969149
0.987043986352841
0.9438770334726424
0.9944533466613493
0.8853980539728413
1.2649464070660184
0.9463825844058115
1.0391769950638798
1.1324111161023462
0.9728904181793788
1.0248419363403223
1.2210626895742662
0.9000597082268411
1.2078910053756848
1.4414760727215061
1.6585661204789552
0.9900790307861714
1.3006162734545201
1.2097951404773324
1.0785384552009425
1.0790027956277854
1.125167500994599
0.5449975759959663
1.0062336290554588
1.1906615501295374
0.8452959128767503
0.887166057325596
0.9662054874260607
0.9588742128981315
1.0327063265299241
0.8683110398921425
0.8277381791864595
0.5799681810990948
1.121826634079241
0.8167502424572606
0.9934676703952451
0.7662294105925085
1.2843515496293945
0.913504138320253
0.8227726046890819
1.0571579521088479
1.0815987715264805
1.07692287910309
1.0664130903755507
0.8310622565088575
0.9609357872151264
0.37617184625258504
0.3185310574441479
0.8761454302380671
0.8966420284393772
0.6862615147283909
1.1311681866371257
1.1405899926431622
0.7830787977402658
0.8172393771920217
1.046766942605001
0.9927787445124
1.157363072571437
0.8674118775872596
1.417606550076457
1.1236966841139182
0.6936639672120691
0.7774863312059787
1.0402630916607458
0.814906027580068
0.9353683109130467
0.6722532454909945
1.4195591633578697
1.478420654469205
1.1568672746571576
0.6876639807322171
1.0369602766666466
1.1880341410633977
1.3155468641592685
1.2380618943060213
1.0177766699576183
0.9729997953167432
1.1986477644222244
1.3704958176884858
1.1372081187371699
1.2538539540914455
1.4181292733402273
1.4161273732251092
1.0081371455278272
0.9685228059499597
1.2210154963635942
0.9138310873940194
1.07017112185986
1.3895354072473098
1.4064076792637663
1.618314886478087
1.0232546468317054
1.109039724657649
1.016559893315726
1.0833541369908186
0.9614180665763047
1.0696068077594316
0.7346553074037054
0.6663137168701566
0.8670726015109911
1.1404574913803474
0.6098841248246324
0.7119837045386691
1.3639659140301315
1.2733427088143592
1.0053044056211353
1.827878770960926
0.8654095528851824
0.7404219445064216
0.684535706035251
0.6565132888826992
0.7659290290204694
0.6205736642237257
0.39242695961548557
1.0825029331769733
0.9207296658413952
0.8919446204907856
1.122046320164017
0.9091302936542401
1.2844927498778629
1.0083622002140495
1.1576330007184912
0.757730227203995
0.8077857039591078
0.7379589702751086
0.7651617123303905
0.952555997422636
1.2282405741256985
0.9902427161064745
1.037034823783367
0.8680395265615638
0.7836274539476198
0.836518514559106
1.3154499915410967
1.4182774434033534
1.3831330315975363
1.5660529305659412
1.2077053444078303
1.3444288788521952
0.9074922846774706
1.0114368436056507
1.4242161524701658
1.5263256869382678
1.5121484766413156
1.273667661847036
1.1585126660995886
0.9813473421774156
0.9252501830359224
1.2645077256349173
1.1576012748874644
1.3429775088620306
1.2391878170187733
1.1097902274410543
0.8996642709560261
1.5746365989178435
1.0129625317361435
0.8163563188515913
0.7716302033649808
1.2553052280312422
1.2299649016662901
1.2159331017108008
1.2260064511398359
0.889276470447745
1.4347227012239405
1.1838658545944372
0.8852422569497606
1.0824566888598128
1.0607012476473077
1.2819721173025735
1.3929007816048198
0.7771586693444831
0.9454966234372656
0.7841657503048043
1.04711333397321
1.1037096448621972
1.2428808608648738
0.956373092288069
0.9134797601609365
0.6930283611955792
0.6471081896506413
1.3784452492261865
0.8494542460342445
1.4503043211861686
1.3606012451133684
1.6642153782781426
1.2541437701345528
0.9262025229720093
0.8385200260318876
0.7141977324360448
0.8664959833936853
1.0561867038486534
1.269029110185395
1.083434608182857
1.1866758036835467
0.7398071320839218
1.3946500084991664
0.9805252258680986
0.8841023576730522
0.7881128349976286
1.212529153247152
1.2785307547605804
0.7009771508969244
1.0144267142201515
1.2465728726319456
1.387855523867502
1.6702966498679468
1.212824353269937
1.0010808525720898
1.2292356381742355
1.2507691379927657
1.0397985594646348
1.117769297506816
0.4774471992390251
1.2401373558006046
1.301314163671541
0.5990217130361883
0.8799267285972687
0.7317540966613211
1.1872183085784924
0.9122441157764819
0.9259808417158623
0.750382797660163
0.8682967596744254
0.911952411849199
1.2043683038221693
0.895336148438131
0.6659363381334167
1.2033385235080338
0.9545042535631582
0.5652974613788097
0.7248157477494308
0.9294635488351047
0.4840334111617771
1.2610202174422578
0.9072070497346401
1.03167869907509
1.1532698160614554
1.0651425950230038
1.6748208853814224
0.961244520798593
1.0598004899561433
1.4788154707427308
0.9596736606765527
0.8478177261399212
1.183219343811755
1.0344605960448552
1.3403549598691442
1.6200866192187384
1.0548397786192196
1.0890910711840178
1.0917625378393434
0.7934479420024121
0.5202362730228217
0.7806721734684566
0.824603906613577
0.5895282649317864
1.27526038871365
1.120416190357102
0.8084927412704769
0.6629421252899174
0.7222587585184345
0.9495775492271415
0.7318169072067676
0.7999663781214419
1.069368221884848
1.3523491511430545
1.3776619170132924
1.3077917987396652
1.0826291155968162
1.0304435322313883
1.0506360472023293
1.6001147729912921
0.878719817536509
1.1032319102098425
1.0287757778144457
1.1171801678516133
1.1685131602045937
1.061979831781177
1.1085277761002579
0.9144236227179569
1.137712250357015
0.8501851670702479
0.5981710798232678
0.8218383442491111
0.9230137757097702
1.218180287728317
1.0381923095468246
1.179199096962188
1.4867359470211325
1.3774389747027995
1.0009537469921075
0.9750791838555678
1.1760802705828897
0.8785162631492083
0.9058439272490476
0.9367758330705821
0.9622182280545956
1.7039766372784988
1.2959751465472895
1.0250693574218188
1.0473016656241712
1.0218842766080722
1.091176359277527
1.283632684880764
1.0736126724653046
1.0300357370160644
1.4210065177257345
1.064831574999202
1.329703623201726
1.1801565507472347
0.8129243003476442
1.0734398119871507
1.0327406799962295
1.1717211300574277
1.3129991560558962
0.8328731189751332
1.0963243396776232
0.8687666275986601
0.8947742194461575
1.0056489374589928
1.0209737027192458
1.234256260183307
1.0644156062789778
1.0972629348828904
0.8289232048205195
1.2923282672798748
1.1385557024937665
1.0535878327090724
0.8312932933371835
1.0602948186939258
0.9136261773484354
1.2844635234486017
1.2822276968731767
0.6174999269934248
0.8850408752378272
1.0559330754197305
0.6630152147477295
1.0041916605489407
0.5648103691252254
1.0954749647718736
1.3246150768924456
1.0840651309983436
0.9637610582975186
0.8862228580386838
0.963673489188071
1.6051983061276696
1.1013531615518775
1.1698710270572505
1.3931778295018518
1.5063353964373367
1.543864589949735
1.3332343937129543
1.0200460627098462
1.298460268323635
1.2711141433725295
1.4121318307159854
1.0657473197262113
1.3525514729363206
1.1520789866603032
1.0985318484511242
1.1561933653977028
1.3530318015513623
1.2700143274404823
0.8982280698464828
1.3332645960834353
0.9103742531410423
1.576673552507728
1.021590376204364
1.0452312945633595
1.0548874400633628
1.1854270364248527
1.6245042033482535
1.4352436451082569
1.5164218216720378
1.1414769792699357
1.106186871470181
0.6190780461230885
0.9546344370574694
0.743176206830771
1.196241925306294
1.2204570330482416
0.7915728081256379
0.6896105153550148
0.9635284041747648
1.0455707007937736
1.277194419502848
1.1093905845853533
1.4236441596145772
1.0967832829977449
1.1897801000283974
0.8841730176938722
1.1345841040770879
0.6855882514042156
1.3525877905958577
1.0062050784283803
0.8729912683519827
0.787782668791189
1.2067739257971384
1.0095619092172372
1.3568491134259155
1.1471118775103446
1.2759692809598286
1.2246344356516057
1.4355081855096754
1.0671051678868169
0.6948131668119673
1.34969915883098
1.0305707968989926
1.01872133292937
0.919372952879766
1.3968308058954568
1.506176674310153
1.1090435305192972
1.4695838240830015
1.247239818846104
0.9607020563598584
0.6970070260745735
1.4814824999846146
1.132262734317925
1.2346616856067945
1.1148733625520952
0.9093502754571969
1.3055526736382663
0.9803022364177797
1.0862588388988952
1.3871132545966827
1.0708043394029334
1.0224787418686359
0.8029745732306081
1.243746053954162
1.285549415147672
1.134287526586319
0.9106012131598109
1.6003364833688307
1.2579444409001093
0.9247366348773364
1.4619307243105246
0.8931517966707017
0.6563089155451111
1.455887061795798
0.7802789582681962
1.334492420692465
1.2478893224037377
1.374976039723028
1.1407611447844972
0.9460177357534542
0.9468356417503071
0.9209803617786897
1.3217364656881492
1.166362526467485
1.4525748180867448
1.4177233027750082
1.0573269384061874
1.0386272284759943
1.508581470614822
1.0970456173387273
1.3035993081775148
0.8369954459279066
1.3033582949337836
1.1442847221619104
0.9916551431572272
0.8914639823412684
0.9889716061987271
0.8038196422924561
0.9463617349925827
0.7524783681134356
0.88651276941593
1.6687571030914494
1.201894710510855
0.8528167211749332
0.9665335062607155
1.263413425737085
1.455913440497282
1.3514210802190991
1.1921657860689199
0.982748358428675
1.1325460724181222
1.1554606411736894
0.5230470346538769
0.9961507693954238
1.5487333607458083
1.4520304952540042
1.0386018954316278
1.4506669822199068
1.19610996751425
1.2598740279529648
1.0041376437924823
1.0902868103703707
1.0224035161521192
0.9385475397082658
1.0165964446445337
0.9437658128436225
0.8475408777257342
0.7393356010626511
0.8349054204860742
0.8560267135703613
1.166256576858871
1.3972399923476009
1.0081226761348907
1.2792976845348238
0.8729433014477196
1.0381598598935537
0.9423627022201059
1.2204051043008048
0.6785557840923363
0.9928534013544122
0.9317013326795863
0.9005572122672096
1.1636820764716418
0.8882658908106714
0.7979446371029385
0.8569533457346237
1.234682375024592
1.0748817042986119
0.8601929924550741
1.1703828683347122
1.3326429334209047
0.8954648328477047
0.9925440868800502
1.0835754837790357
0.7802181372785576
1.1021746004337536
1.1900409387463613
0.9858292874407287
1.1091888221939963
0.808387840254125
1.192582024263646
0.9892078935271308
1.3586155518767677
1.447655031931764
0.8353089017811001
0.8799285890961464
1.4869765054132786
1.1806109856156763
0.7129005817690448
0.7102437039777075
0.6481116951755167
0.8053013259257479
1.2642022848373167
1.4077061164530082
1.54836443607573
1.0433394492340489
0.7850985620764617
0.8249982244016548
0.9035352334922017
1.0459216753377185
1.0682955369293727
1.1866345473595368
0.6324658630912039
0.6577057937734351
0.8843218932494655
1.2801888407750694
1.4819590902966944
1.379528303245119
1.4400470377301748
1.0206653735965099
1.2298093659229314
0.8279241435461541
1.1887270837498978
1.3222092535818593
1.0349322918358628
0.886234379449031
0.9417041080932597
0.7935487968648847
0.6707890713343679
1.0081388698066291
0.8725214507604024
1.242615171763694
1.2798046689096356
1.0775918989335407
1.2279117666305917
0.867410534360836
1.0370653402404142
0.7808884049439629
0.8737925576686395
0.9786153127262133
1.0869622131032204
0.5302096996076119
1.0779523144947487
0.9518913903715346
1.0798975101646475
0.9709316259248874
0.9871374021836768
1.1504358440312747
0.940012757717214
0.8604042070835148
1.4580227108358113
0.8708624125384751
0.950564826319024
1.0647961174767664
1.2905406071096197
0.7125656678394356
1.017344336396859
1.1946362062225075
0.8491391101480633
1.1238263081436723
1.060713855327939
1.4366020822649836
0.8343340280993123
0.8607277684341484
1.0321251291334228
1.2329346202191371
0.9856516040602937
1.0904458492937703
0.6502849942504888
1.3680598973310882
1.3603237166189421
0.894428581445782
0.9204523811483335
1.48522393215289
0.6935598607319383
1.1486108990734027
1.0939956710609515
0.7897189230947296
0.6629204119505582
0.8945978983419606
0.8695501558441546
0.767067918870834
0.7556338571122753
0.8468092766509946
0.72709051344714
1.1169715863693164
0.9252399756620947
1.0132835498131925
1.2101564891173342
1.1768901268151493
1.4512450847499354
0.8537288043726644
1.0601628258156652
1.1354444894512585
1.0764285753444471
1.0088630128424112
0.982184682555464
1.04299341317301
1.1781202576306296
0.6376057269055881
0.9545115024752723
1.3640595888190268
0.5276637332592807
0.6717426503913585
0.9787343246832124
0.8205202874938503
1.1374678852329083
0.816958661260059
0.8493136382170865
0.7477997114097015
1.0086380675065214
0.6488616303991038
0.49740001931009126
1.2863060845058774
0.7548799023847644
0.9845216701045808
0.7277544313830365
1.0181393834207233
1.0710162167002633
0.8981439304416174
1.0736968046129738
1.0442766640854266
0.8817474565894239
0.8366397835027062
1.818018239075951
1.1335009838034182
1.4334056437024802
0.9108748109193828
0.7559750921949469
0.8708645644653945
0.9142077901723176
1.0619678171811258
1.2839015114617465
0.9184589759389213
1.6647550275542249
1.4925283575718553
1.1487681569549908
1.39870859124281
1.62197255697354
1.1538025056941608
0.9212813532270377
1.3029644608672533
0.9628701356836195
0.8678741231883284
0.9595320805546909
1.1350712708327175
0.7958968355136629
1.3079895925276552
0.896946919413438
0.8531966266035802
1.511558653781763
1.0598725320536024
0.7707676744981065
0.9101005983314014
0.9152666250295062
1.3046305648870915
1.4550151161578464
1.4311183406208603
1.559957532840384
1.8866161138010562
1.207203063525816
1.2632935985051756
1.165556459656939
1.318979463168709
1.626684508312405
1.274499812357569
1.0012378636227575
1.2546497126504443
1.227396726263846
1.3739179481414006
0.9736023548670568
1.2333172706921174
1.2662801758029734
1.1681856413159726
0.6554464289335625
1.1124482068901655
1.214156761249942
1.3379440810751133
1.4741508335074534
1.1706584904385027
1.3362533020328784
1.1141573486653547
1.4816360314418202
0.947595689617912
1.1144746749538554
0.7329772973244033
1.245677220726276
1.047817474857979
1.2536208657245043
1.2192459851565691
1.2641843284737153
1.239066870597777
0.8934402932489409
1.3885378891924167
0.8182872850560424
1.0445683498574587
0.9941905039317597
0.9776320131586488
0.7228113766170958
0.6423817973693111
1.2132285775575178
1.2237068179916697
0.7579695595975124
1.1622670458266833
1.213759288283118
0.808994162715189
0.9584603673201705
0.9331203256444228
0.8004598790274465
1.1894981077619309
1.242308796093079
0.9204883249147401
1.1890483931025186
1.5776703451994565
1.3859995061419488
1.024141239959664
0.7304647230810042
1.3758739942005669
0.5367692809989125
0.9235889163943706
1.0861387946674101
1.2038678928523223
0.8666576184665735
0.691320396557667
1.1695144595555937
0.8764853977626631
1.1077396756283244
1.471567359762644
1.231370403777381
1.413967809061402
1.065741732016308
1.2954199924439729
1.2803007215248283
1.1422936481844492
0.8571993886004315
1.0058988796354196
0.8235792059168074
1.0513469143501708
1.1759636526575696
1.2567403828950643
1.138094415777984
1.1389237659255298
1.2041289922991554
1.4394756111600577
1.0516385787159341
1.1367678199226494
1.1877651454425653
0.8257465894057245
0.9574741273190613
1.3523852144474267
0.8321080410357699
0.6383768189677707
1.2830252004767413
1.2777321650925084
1.2064155916363912
0.6599302206171961
1.0409563486853002
1.0284262397550987
1.0527542837326074
1.0727592576742897
1.3166934823360097
1.0271988579174083
0.8703540629342102
1.3024837856680787
1.4529333441515098
1.818338000095172
1.216478249202345
1.2547940315974142
1.4467998774312947
1.0720711287470879
1.154491950711217
0.43041505689923676
1.1250261485212643
0.8188393390289991
1.4035568910952245
1.200993780876555
0.9127637771550723
0.9925482682199928
0.9704095664337585
1.3567225502138172
0.9749519901809963
0.9055860694294673
0.9733331490652507
1.312997999645972
0.7277326060292179
0.8316036891796451
0.7705576233719096
0.9954372173127454
0.8814238680710708
1.1300732600651358
1.2677352589803448
1.1839607482736427
1.3356208419351172
1.1792650414371697
1.4830954212452
0.9911737852126538
0.5434779157902767
0.9257329617623314
1.0735369281154468
0.8944022898283688
0.8195214260002996
0.7431280758689652
1.1799188183672071
0.9131039928718874
0.9332693359804277
1.0735202786151932
1.3582713391939647
1.301009367904576
0.9309253168604418
0.7918875433167881
0.8697093643847703
1.271309796336697
0.6429849027476519
0.8509747168555453
1.2573628801945549
1.0455676949818988
1.2718086526825647
0.8911341094576817
0.9806222254873073
0.7404019659259385
0.9653436110954497
1.6185901149927198
1.0876797732864418
1.0564370209475453
1.6404646098481677
1.5154312874618063
0.9255166041115904
0.9315287478353543
1.2199195022074558
1.463196669708736
1.212744816594384
1.2762054366537448
1.0724962438541839
1.2101072850164245
1.0719447282974905
1.3377120161841694
1.3252079218909876
0.9289712297065386
0.9207419643837905
1.0657284388761146
0.6014378765306275
0.3594860887069876
1.156380969397803
0.614403754081622
1.1111452361532284
0.9967994452453345
0.969193170299112
0.499470280951949
1.1667233942013133
1.4316123758150159
0.8431088449867062
0.9824591070362955
1.1425532553385995
1.1215106647151776
1.405987176902723
1.3115050515446542
1.0247938165020132
1.529798990052706
1.1887855573833084
1.1824552692752244
0.7017923640653191
1.2496153770420189
1.2816722503672369
1.0052325130773196
1.0642537074601166
0.6707273036221351
0.7716773702225787
0.5778107580225346
1.0176834435796323
1.2342790301937066
1.122958433172015
0.7959902911822427
1.0369106923790592
1.1512548216228762
1.2442230495529296
1.3024755536543764
0.7619530844931811
0.7736070460786497
1.5490463295269747
0.6933205711860766
1.1706183444113016
1.0428376599367366
0.9243747212842851
0.6365375204054519
0.8599284922678893
1.3483799439604836
1.034159859165512
0.7440324433919567
0.8130252218216758
0.8218444384868456
0.8750895657611059
1.0188278702068283
1.3324977054295972
1.2609221125570218
0.6822820297121741
1.318290312060698
0.9478853388794385
0.9804140587102913
0.7181417215087569
0.5781975929112594
1.0981211843349725
0.8822634415225488
0.9711714040860716
0.8718137672780418
1.3651136696669548
1.4657267461662715
1.06072395372878
1.2330484964123232
1.4279060117456024
1.0743550100517245
1.0212889301986898
1.1118766096861346
1.18264207271362
1.083938093687238
0.9496998661811683
1.0073562377528187
1.1737114591538247
1.2889397248331527
1.3586489747812576
1.5021713030460213
0.7871453133222653
1.1532945799471324
1.1072421949027078
1.0392313590556888
1.021568995470353
1.315800270025433
0.864432433778026
1.0648969674465807
0.8171155242069791
1.348809429833936
1.5412403503272745
1.6463524742894968
1.2149625767706493
1.2813986375067388
1.331624677599983
0.8088861284185433
1.0658201314341647
0.7385705830298058
0.8277379304657616
1.1158172003847
1.362646347814399
0.9891107535558584
1.0479576390868446
1.422536847436069
0.9654665927476195
0.7629921019912801
1.0363265982375787
1.5409282632103487
0.9746649221154283
0.7713739111148136
1.0326393396834197
1.1403391584996807
1.1043513621921712
1.024859052307978
1.4309026859683762
1.0042471042098482
0.939569873814495
0.6924761534465221
0.582406977566961
1.1793232950826769
1.2530415224007774
0.8176073918924243
0.942863940657137
1.0204752392598815
1.5543561185063215
1.2824798386976972
1.6493055923580024
0.9465796564602974
1.378829439259147
1.410370723662436
1.1359371691485949
0.8690956824511333
1.010851546124414
1.2844300995701867
0.9484464947699943
1.348384221593591
0.7695903648495456
0.9685583715280722
1.1377145063232295
1.228735637773048
1.4371120891980287
0.8154225993370361
0.8165120271604566
1.4865193854354688
1.2172052387144916
0.9370602175704562
1.1941814312027519
1.113608891520408
0.9780932180271699
1.2989509315532979
0.7390760570240268
1.0416153384280087
1.2191411871543356
0.7645700293192662
1.0417348611374266
1.0372950181329386
0.9614461909082942
1.3112280226002226
0.9908221226392114
0.6085112449317983
1.0270088329581046
1.1887882777437846
0.7627432686848508
1.068275957716182
1.1250493456905466
0.9212330891252772
0.9410124021529233
0.9147635187131443
1.0564516502422072
1.0625461447300544
0.8064646044110476
0.5407791788635269
1.2178694293305472
1.2389593184539736
0.9865418945525569
0.8540999099628929
0.6361908034373777
1.3728316060564572
1.3354761899770655
1.3027596907877383
0.9242124245993016
1.379923243899181
1.5167785028661451
1.0098397834081485
0.8203962756093939
0.36786227995619003
0.9339269541751142
0.8445852334687889
1.0969904668330874
1.3951221056672227
1.2123343538663125
1.0659358190433517
1.071423092488653
1.3187759345390133
0.7050799008971688
0.8164952731037972
0.8373831991190311
0.9503040335455647
0.8928647990671145
0.9728326426814756
0.8119640565502874
1.1141139684654657
0.846486957326172
1.0426390406624169
1.0908638692215598
0.7322558298591219
0.9181988394680806
0.6777054565867909
0.6202477843588382
0.7453020947090679
0.9398016490006914
1.1719290475935702
1.3853633478592262
1.4355400395285867
1.2831989957099483
1.111871724015954
1.0950211973676984
0.7840826227600537
1.0124720763963635
0.6606001529320472
0.9707273692371857
1.2136183396545466
0.8376720101990327
0.8464108957315887
1.3713859490000209
1.045297920097586
1.1554225225110997
1.0278683532694652
1.0012879112657842
1.0649904472898883
0.6137721981128942
1.022406812607353
0.8426092902367616
0.9894534929545514
1.2388592602892605
0.9428622327647581
1.0944108339521375
1.416569838163646
1.1017596117931105
1.0486925803223208
0.8673132297042353
1.0921746691630911
1.0322887918156771
0.9703131927453464
1.1157590285912595
0.7889858412246824
0.9880722556614233
1.2754397607801022
1.2300596507732482
1.239472057217855
0.8412880692433341
1.0654779202067832
1.1681598088715641
1.3352266871907519
0.9215911179199371
0.920717385901732
0.7910810802240151
1.4857330161959852
1.5782613536064347
0.8988271760459892
1.0518175409126616
0.9966635873660133
1.7173581464758372
1.0562539833523423
1.2844565167380275
1.15658997312453
0.8379589273194262
1.3848943110407888
1.3537685462641496
1.2349105209732791
1.0961669142425676
1.1814511390450553
1.2783657750379591
1.5720635049287774
1.3706336175814933
1.4604779801168548
0.8920204460576987
0.7625883718255967
1.3522981942254064
0.9428345532665084
0.9016682424968689
0.914221618818389
0.522119989499276
1.4527175352648638
1.188039643769376
0.6683427763225245
0.5909336513941594
1.41491593088458
1.2435714498798038
1.098718966713612
0.9311631552687344
1.2923979780494017
1.3742828290909423
0.8976358857961969
0.8939999756920435
0.6906312423310329
1.0096142693575214
1.2768362163271356
0.9383095202115862
0.7546512925941061
1.3879848489905677
1.2326772753717934
1.3030676664458234
0.9682103271785832
1.4123468183148684
1.117313859553776
1.204678261856575
0.8536510916345724
1.4174338154176127
1.091405980760065
1.0000139496642502
0.8975559379326105
1.119779400938493
1.1592931867772802
1.3985235118916728
1.1649453309704854
1.3154438318680168
0.8780316512694298
1.154450364960108
1.4032264650294828
1.393068128685561
1.5107479369137033
1.3205023325971483
1.3625210556854321
0.988583288262724
1.1557404293281486
1.483427548241488
1.2445504626301513
1.343080940705193
1.1481365620673487
1.7010652068293326
1.072202609460998
1.3958670388145844
1.3275892978889097
1.273702846716208
0.7235732131715563
0.9767973833764944
1.053270048559691
0.8402129962170509
1.2546048571241024
0.6134803105253828
0.8844377182093709
0.9640373464871205
1.3338477430026083
1.066491720628292
0.7911208082019706
0.9494514806120898
0.801478943889807
1.0010718185592087
1.3831466304095528
1.032114754387023
0.9257339122767386
0.7927803087669597
1.1803193598295953
1.8018233362691183
1.0244701201242237
0.7975508288925592
0.9887240691942273
1.016134665047698
1.0035503818110947
1.0906287110942001
1.3599204072905406
1.5692132520890882
0.7063947588571017
0.7659080635389075
1.2981951794431699
1.0833744354280124
0.977340627045992
0.851740285162999
0.6678116504222041
0.9213695400622287
1.2539412964104586
1.0899861587218553
1.2070544397493295
1.187391860661483
0.9237519646205873
1.3021378420211664
1.112808563663903
1.3934973041500405
1.3348631956725754
1.0618812372624153
1.1337194064165284
1.3334121617369006
1.0352109074457325
0.8056322574374271
0.8965598667444494
0.8629817377408051
0.7723652568844073
1.0878916321454442
1.0844944138840125
0.7678254371752963
1.08092605846528
1.1048293933164257
0.9907885808984528
1.0778043287798564
0.8781900030005966
1.2275870206956565
1.1312411281648447
1.1690745204108872
1.2381927540748379
0.8000383992319411
1.2085498700781445
0.7634606342507659
1.2798561246280427
1.0157160682659898
1.0111134666099486
1.1084591602237084
0.9584769288846419
1.259508549567375
1.1268725752989315
1.0072932452446324
1.1506782056406946
1.26285602380255
1.3280884674509936
1.1031952886493772
1.0525424433433663
0.8904018538842458
1.621476882264409
1.2026534954859478
0.9302182730524234
1.0288498340710346
0.9984333559417656
0.8223501424686014
1.205831665126461
0.9730344778535095
1.2376474189209317
0.8774730672928436
1.305891008091512
0.7791802107166613
1.114167509425598
1.1695983916152066
1.262860620160614
1.0062661048046906
1.387055830599572
1.1615011883159094
0.8357760113950377
1.4402060272019885
1.1321410736373168
1.0155627266042389
1.130122397986442
0.5333741869862686
1.1066425743880721
1.2683819853045033
0.8291684490680937
1.293523249762009
1.2148436427704403
0.6781237618188578
1.2811502371054182
1.2312422868126363
1.2333695922651902
0.6595000730203084
1.0881128765830768
1.3545799626967967
1.2133573700563516
1.2171923268004246
0.9441522796000831
0.7219564109764284
1.246126983229682
1.1123029379439089
1.1990255475752205
1.0139848723932212
0.8709908712047013
0.8978373343383687
0.7044536209226624
0.872144083638073
1.3372066245272076
1.6653255830520362
1.5854414815954079
0.7856960492470356
0.7492029407116957
0.8471748025213648
1.200178246207447
0.953078345068929
0.9909589672972535
1.2218938438735925
1.344075082503587
1.0441530081063835
1.4157799483220819
1.6608264111202988
1.2051284723826083
1.1869274673746613
0.9914359588283445
1.2087598409682863
1.1117839718922964
0.9483555561163565
1.210731245088085
1.0935478716192453
1.1115225084204163
0.9536835570146619
1.1064759284658283
1.2953037968858188
1.529901588355814
1.0043890179214228
1.078316460636306
0.7412579810258318
0.9610810566645588
0.9390008305602783
0.8483424144923101
1.0920375339838777
1.2464787051873005
1.2179191861117609
1.109185323950695
1.1113012207690345
1.041641975884969
1.1655302919295445
0.9600844040352129
1.0288086826906822
1.0785276127458867
1.2129259706848066
1.3531922825905371
1.3103932326947967
0.6507723924021348
1.2142742664668744
1.2294073157702554
1.224115512976039
1.5177466238184407
1.0804302052601424
1.244480042227601
0.9712131023403069
1.4049333631223764
1.1144352197715541
0.664279780057058
1.2092310199016179
1.345116188904644
1.2619918418738107
0.929537549917015
1.0919635481728285
1.036557639560021
0.7242384392925163
1.0330958439655678
0.6857020049163898
0.7082613360974386
1.2017597648642901
1.2873517574131697
0.9002134253767451
1.310498836199156
0.965017277901329
1.3926629255320495
1.1366010721276572
1.2286965428584908
1.015678723482225
1.1929221444355873
1.0968189871970246
1.0755877235276081
0.8886697372281823
0.7462048225714402
0.8015497619948972
1.0424450836064496
1.2073164759709274
1.1001607409216492
1.1109058100481524
0.8290120017965716
1.114566737573956
1.1526885838854541
1.017984412030363
1.1440870933492704
0.6645886539924314
0.6015659284395758
0.8133942008718305
1.217896011051114
1.5711627288878858
1.3640556174557346
1.1658672792247704
0.9710515017305662
0.7133141386368942
0.31157559395850865
1.4992998184508517
1.0950701611984541
0.8218443966342823
0.6306872505696693
0.9059101193537631
0.5726899051595177
0.7980292604361421
0.7270344128843966
0.68079966242415
0.9453581638105361
1.1074761179892567
0.9749801556921974
0.996321616667777
1.0165032667085372
1.0675317106213082
0.8578705341637407
1.3527542675353907
0.9542763743968093
1.0172063755091927
1.3165857797676848
1.1986948838370468
0.8581783476995807
1.1075275563192772
1.1786484979758525
1.3587638747852493
1.1155475752859518
1.2030476345091505
1.398604481478066
1.082699064468062
0.8909323599260462
0.9924299671767999
1.0946648923801128
1.0491857587862543
0.8065372811514756
0.973266458139051
0.625830660564951
0.9838613616782105
0.9038807357832538
0.9536158608360256
0.6556837837071059
1.5123919276984945
0.8160869053671759
1.00833466254173
0.9842313492426106
1.3314209693442614
1.1541328431519013
0.7413006169130713
1.101470277489253
1.5115561649753677
1.2816750491968505
1.1369832088916283
1.1009817798430641
1.322856166976726
1.1309782127713959
0.9637904307465593
0.9055237459490132
0.9667119473951743
1.194931562471928
1.2491849150087817
1.2777790159164164
1.0118072902488209
0.8121185400977948
1.0372173744483884
1.045504627547788
0.9250490701122266
1.0194846566958888
0.9508662940097948
1.33683617512096
0.9141013007934407
1.0198873235650978
0.9466173283688172
1.0238050081365768
0.7274795132946624
0.9915234459633516
1.3419424471087384
0.9945844134693708
1.4043333303826033
1.2617993323036387
1.091672438681644
1.1846596502874829
0.7961338729641493
1.3181467700816731
1.3505421316908401
0.5442971274070026
0.9607488724532359
1.3178272546270695
1.0716687028582417
1.1455637722078325
0.8139039641949105
0.9764121795022117
0.7811413187396493
1.388286433089513
0.7863964889136635
1.039505991155388
1.1200323290708691
1.1554987751498897
1.348221259609884
0.9423774748570343
1.2835010740242447
0.996220330821228
1.1870769797452712
1.1250089990014072
1.464247898548261
1.2570217804363624
1.0201424069928249
1.0100455461758235
0.5869058966662851
0.6656704146827913
0.8374993061453389
0.7009853307053876
0.8406776815044504
0.8067301887561337
0.5235332973503233
0.7373868674034297
1.2905316584397974
1.274315170815794
1.5736722051992413
0.8635574067239914
1.1431026733568994
1.2032302436514022
1.2031375939203608
0.705783091563704
0.7204179407136874
1.1994460913675764
1.059200157236254
1.3360745323577723
1.242331351747688
0.9466832589843909
0.9993619670072634
0.6063878763153675
1.2549892814664043
0.9697502800529892
1.0178228709603887
1.2585680547350084
1.0888878399653288
0.8052839451507127
1.291972664066005
0.532657974588507
0.9487516516055553
1.179029870589758
1.0772697628472863
0.57885077025731
0.6974682709263567
0.8632434323691301
0.9681769497870346
1.0542138867929998
0.723688140694128
1.1308030383930097
0.8346412155284951
1.2497921456242234
1.0064543763847589
1.3642375190330553
1.1734058724440564
1.5340145488115184
1.193155304509494
1.323453393300805
1.1839681492521812
1.3862547642390997
1.298598800392086
1.089962056120856
0.8711118130796748
0.8860625863940562
0.8117903342706473
1.701645320646961
1.314707078123
1.287035975285756
0.7076991785792311
1.2167419952641652
0.9275372841099013
1.1494732577331295
0.5450957336137406
0.8524128926329636
0.8673831386280519
1.0752715932177224
1.1175300812028333
0.8136268636159143
1.1549305130568448
1.3685365413902935
1.504064974753884
0.776645537200072
0.8413430929770663
0.5850531884482187
0.8306708374880022
0.935272604724621
1.1147329017476586
0.8845510034917389
0.9705217469613253
1.3382403291083653
1.1302369446339693
1.6886197635234446
1.6071240288507707
1.440188374773613
0.7389896268897823
0.9295242035558967
1.369140499480731
1.1713171042472748
1.0482521049189222
1.0103626771043022
0.8675374891370399
1.0215958032720494
0.9763357031808294
1.4733471422583342
0.9049834443318636
1.405600363670735
1.1095944046962134
1.512053962228332
0.8874343082524611
0.5084200900956543
0.8955006326670489
1.2551988931865796
0.7747370637248926
1.0475265559083726
1.0551354284545278
1.0624139886170552
0.9353442526356662
1.3478716888517492
1.0817216864648571
0.7766666979441339
0.8515906538800204
0.8770377128482555
1.4564262340683796
1.5557300897429982
1.0643719125385498
0.9168214651742684
1.3375501111245232
0.8005497790990883
1.0960081048734884
0.9826328465299977
1.4359924887089617
1.420512989763171
0.8515362565133987
1.0990426361852579
0.9504573944769358
1.0108971432672391
0.9123843273640047
0.7915722012497152
1.25024428799723
0.9126772714086149
0.78654368332217
1.0427447891696757
1.2883576122946128
1.3850001973235102
1.3347831858763604
1.1289130693179104
1.2820515543365154
1.3576634547482251
1.13643178110084
0.7960233722143584
1.0973116831590362
0.8963099933959852
0.8854086919690559
1.1748620629362587
0.8363204602595425
0.4926650518166843
0.7209312070322188
0.8014983698963586
0.8787005780561362
0.9035302105153563
1.1541286760529947
0.8551200597358894
1.3036352544811636
1.29151246582859
1.2648528158888523
1.1182749612605145
1.37904677017276
1.036559670902184
0.9480211156878752
1.2599931321755111
0.9985887298250374
0.8396616857613315
0.9588611723554549
0.8114627494710521
1.1244113165628677
1.2225740184580995
1.0180526559290546
0.9769681307323236
0.9334823943988445
0.8083419336108154
0.9339833967131842
1.5132783506182952
0.9318998144683602
0.9391921924155894
1.5702621614465395
1.2410220940661745
1.184090829892842
1.2924372732379354
1.3349292521745444
1.0219437538318545
1.0567891967450311
1.517466630832944
0.9071488590837679
0.899248438561858
1.1797436938596864
1.10485322988831
1.315070884230963
1.1222843196404135
1.208343721777689
1.1482409571555436
1.4803401110527439
1.6035484690700144
1.0593123523571548
1.2063796072910011
1.1830958840169425
1.1440403051221584
1.1240573555005788
1.1908445634520715
1.2870116703053132
0.9463209124369935
1.0896651242862485
0.7121377974177733
0.8853636480333779
1.352381063892955
1.1425011860149556
1.1463861794711385
1.451782003372923
1.7301620277319931
1.4136778599925182
1.055114345095178
1.0658895292728214
0.8280146995230219
0.8603053505231593
1.3578861936519186
0.8713427058634661
1.8661428291669324
1.2125665670755943
1.272302908584256
1.2770941691706805
0.9395743476509878
0.8769427278418963
1.1347418981166308
0.9977890336878256
1.022163010840157
1.0288483031674873
1.3772258768597556
1.3519723276549096
1.1977890223040508
1.246705417199483
1.0866310292618622
1.1147366452944687
1.5048144157824872
1.6064634913952358
1.0388105792847615
1.3056344011296386
0.9576550236367921
1.2342816114337944
1.072838247646787
1.3776508682015565
1.205030482850566
0.9696241020779811
0.9654014933342759
1.043451917378676
1.3691068147065297
1.4389175202045972
1.5620629099565657
1.1765239676303183
0.8251362233310827
0.7585109832335023
1.5205328687270496
1.5383702980689051
0.9568266611538431
1.6634060368289951
1.3151803994545819
1.3422541874862695
1.0762336931944776
1.4349537869120637
1.2016836270300455
1.381769971563057
1.3651463436452893
1.3225665859388098
1.3245100865069808
1.028756819671825
0.9903662043285771
1.1037519271949185
0.8741825730847076
1.174184616956239
1.0443864850637044
0.8976542040057444
1.237634518386099
0.8880395621214232
0.8416047797198188
1.1815795978731576
1.3314858983529652
0.6134230047774824
1.0409229544419076
1.1261657436702903
0.9666577809492253
0.8642911968444474
1.1258082073190483
0.8755882429786034
1.0680128424131643
1.3202911007283393
1.015026894712482
1.257192574737009
1.235187436601048
1.5307307306699656
0.7420730674889108
0.8759115378050111
0.9442058828559784
1.2317258142468612
1.341286109256752
1.1433048561577894
1.2868825816634997
1.5873772803831312
1.0498980969786404
1.2804578561636584
1.220982866596038
1.2254445484582281
0.7001767555474664
1.1340558580683253
1.6724797727661953
1.3037777676169175
0.8665697130667384
1.0846198559037312
1.450272178236706
1.458936718404411
1.5757279164692548
1.208848848902163
1.0172210786760123
1.3294747039403365
1.2187828495479012
1.193324863851554
0.9247215210430922
0.9843527474067993
0.8154117105937732
1.2821656304362328
1.0505791400133042
1.3696530326307004
0.8073312599275563
1.1446866873055515
1.2177266647506793
0.9850883486338958
1.5382640877010976
0.9425499930800515
1.2890996843224722
0.9835535407677048
1.3003792762005468
1.3016850436726795
0.9695459334405873
0.9260403417891939
1.396152632944187
0.9278204382865581
1.4362373103705055
0.7856103806496554
1.1883605161288275
1.4033987309425533
0.773047132856656
1.7985677487436051
1.1798707753189228
1.0086071347256855
1.536551780085655
1.4965442816907906
0.9092469957237105
1.0302203061336817
1.1561277462667368
1.3063220495630128
1.210726233120389
1.2754127173115672
1.4504756672358727
1.0486298990780953
0.8298830140309976
0.9020546994267614
1.173197006032502
1.0512477453693088
1.3363470721317134
0.79475426067926
1.4028050997805008
0.8941929779799188
0.7663900872751378
0.8761424668311376
1.0263338110362157
1.0465799015032582
1.2863277157141073
1.1003481040872898
0.8151059905287121
1.0981063592636207
1.2781065619791294
1.1078205136076196
1.0211126352778404
0.736350047101151
1.0199300825981996
1.0570868058447425
0.8825711340351166
0.7977326498855365
1.0468980788501074
1.420176471003979
1.0518364469234003
0.858456763942726
1.0844218737430142
1.642752052000245
1.2682338076663926
1.1859511180412312
1.40754655410796
1.114457459300882
0.9205665665425108
0.976066915284126
1.535059482337196
1.0333342010206212
1.1171484061279833
1.2512848770343936
1.1689583305908517
1.0725615331383036
1.2406609854934703
0.9070605773450124
1.1972264962592407
0.9778842733204517
1.0555030655524589
1.170828668893129
1.0066162636282692
0.9277311284148685
1.3353840709309357
0.9986563911683594
1.0252164493734273
1.1663078883076567
1.0152427254724328
0.46190433445207335
1.1153527630677962
0.8450173397725054
1.0194826977069253
1.0082485285782299
0.530951412352011
1.0681074966580018
0.668674878695603
1.4505614100780875
1.3088057543409308
0.8774493558724328
1.0713144830947612
1.0790267888338443
0.9613731455623068
0.9955204365945313
0.9918142160893498
1.2852097563387415
0.8382987242572136
1.1292494202231953
0.8543610707352811
0.8479019692946326
1.0142207196987003
0.8448211711515867
1.1175359829443197
0.9683097805154733
0.8990557883042126
0.9593604165140884
1.1523135686633006
1.2843282519072443
1.0167680568443358
1.346471874031862
1.0636075791538624
1.3543481085789923
1.7588909143947595
1.5859157767896543
0.8585626157868521
0.728221059641806
1.3423284801024935
1.1070262702302243
1.8170922435277816
0.967310488937733
1.064522254525678
0.9505968565379815
0.91372517330791
0.948530636075494
0.6962212929164376
1.0003102226737903
1.2801690262829546
0.9114147885078219
1.444692329097426
1.0371551718256253
1.451163636493201
0.9075715410248013
1.65361796853748
1.2764093580337972
1.442535665323096
1.4231226837333484
1.7597771647556537
0.9662839277679834
0.886052006024062
0.9569406671185033
1.2743298275772663
1.0708061564175357
1.100432938067543
1.0947305051822638
1.330670228846493
0.9496332121590086
0.8056906356841996
1.0951331526767354
0.9161796567081569
1.0691940502220358
0.6903100643209722
1.1078346952259772
0.9802811360419167
0.9114768014007462
0.6214676237622846
1.2822581237661868
0.8589707048334233
1.1493624874534347
1.4570545082075657
1.0192000110619395
1.380361114942856
1.1286770410676523
0.9422660120925431
1.1138651561875323
1.3634453116588847
1.0396648590878583
1.244380775875965
0.7422167924551293
1.0110717184869182
1.4719871679024579
1.0156284032798824
0.948245727835563
1.0816092388089982
0.9876094223393387
0.8834072105883044
1.271036250021466
1.5140764246491623
1.238738798946816
1.2051806202216149
0.6155947989086977
0.6680770935371488
1.1830582625597728
0.9363248532648821
1.315847430430657
0.8208636409596257
1.030640734929352
1.1996965065069747
1.6557253178383138
1.0254831016542032
0.9702595158618194
0.7469227935184248
1.210148065265299
0.7595751588643024
0.8583660693212631
1.2249815695461126
1.2284324355046816
0.9521687584584256
0.8966810897588638
0.8646754272009379
1.1761472950437342
0.5629139326500445
1.3950078027394275
0.9415623944028665
1.1072612579518377
1.1973739261930745
0.7197312736416935
1.0929750719477946
0.9586325671979362
1.3798583280335661
1.3958154535148886
1.4108613798193566
1.531975595928268
0.9302887338846183
0.8172732102030477
1.2917729342741098
1.07647027142461
0.9316706781076324
1.1884019042882734
0.8364261788599119
1.1045856134818048
1.1486235224796393
0.9616879708867913
0.7090680093994483
0.8466883985847063
1.074139704570876
0.9671662090159262
1.3208520910692947
0.54423764077294
0.6990973720527499
0.9540445906296163
1.355107051779902
0.7748112630190602
1.213440425579553
1.086959532834384
1.0731077838884484
1.064127758542515
0.8689103778498045
1.5045650904221328
1.258442934121447
1.064908625721439
1.2298390179816623
0.6129476478033541
0.5168142904107267
1.37380252994903
1.1121938816265986
0.5823422751042252
0.8640483142718404
0.9142614793454282
0.6927007626280967
0.775013224239547
0.7974847358426427
1.0653188664497633
1.188367554462292
1.1084281417734507
0.8960869421880712
0.4088246205871152
1.0339810452340248
0.9122971767776387
1.055228981723756
1.2884038535154512
1.2432348018415222
0.7575924619893553
1.28757835205676
1.126818828874658
1.307553551461677
0.7851524221997525
1.1641219609481785
1.4022950346510092
0.7956300277040698
1.0933921832062627
0.9241013408230759
1.136262465047584
0.930406007045364
1.2985932121016188
1.263405204953018
0.84490375843449
1.2410158119690489
1.0568147275656865
1.3969248936539902
1.0188696996821034
1.1914165214543493
0.838471562021106
1.1099747545092344
0.88532744222727
1.0542409894982383
0.8642701204319363
1.003106584325727
1.0205840738873027
0.8414023591856574
0.7718754392545636
0.7927686799582991
0.7323561582238932
0.8794453866555363
1.005975063397075
1.0140830718255185
0.7501704495644849
0.9814871907057509
0.8429822883321879
1.072668711104981
0.8709442401709017
0.7369142765791441
1.3790566971952978
1.26180386577545
0.7731939329448689
1.0780410030170837
1.3087979582541627
1.1994525864908006
0.9786164740340134
1.0894314108126424
1.0450258591870316
0.8694782238689225
0.9466909221789014
1.3691287303530904
1.0591704686410714
0.791364145156395
1.0964521937748044
0.9646469900807858
1.1588715280524853
1.17004560794521
1.3330818934937818
0.7195442729385063
1.3196338255731181
0.6933685840415917
0.46811600351755456
0.8868117719804856
0.7337587064644254
0.9172482215618264
0.88992100161005
0.9925329532266906
0.9837285025028065
1.4818483131128448
1.118628102924317
1.2020427567372787
1.1406308141765151
1.2612230659526684
1.3211520838596442
1.2359214166701769
1.6969723854564198
1.166773609645713
0.978139286638349
0.7093444903854795
1.4834514003581996
1.2704845170997288
1.2919804667911605
1.146556424534863
1.217417607523143
1.0253108193107456
1.0053914087785385
1.4130778642046995
0.6649077671761275
0.9422203500878142
1.0028286945117384
1.1976868610436842
0.7893905359045972
1.2575139218002853
1.578495384526905
1.1961800312789594
1.005850769014707
0.9765259956860329
1.1685901020989653
1.3023560977686017
1.082176573652941
1.2416812430201951
1.0439717775022768
0.8578703806069983
1.2001989097892967
1.3315689768279586
1.1843103932767058
1.0697216887526435
1.1226288712842867
1.1984926699432756
1.3360981057018066
0.9651556603945127
1.2375150584080457
1.4243879758059905
1.4653744025029054
1.474978030323465
1.0829662866907608
1.2451188004607983
1.7003040492982833
1.0164937676179684
0.9166882562872326
0.39271401075252665
1.2747217546322818
1.2638824593000941
1.4548923329582721
1.705660719742656
1.3927651071717189
1.1538467023949495
1.2189839757657956
1.0091620546777835
1.4851972466883838
1.4909178918228496
1.1003334008310235
1.2176035571103498
0.8573897710998534
1.7321085408957773
1.2329710757557084
1.2334144155964155
1.1733464865865921
1.0263557577574667
1.0390544034527889
0.7617388911664511
0.3562118928022533
0.87128262060204
1.2643950252310792
1.3958234473700482
1.1093495956958943
1.3214456591024866
1.1217691579729638
1.5316098484318585
0.785118026329972
1.0945724065911895
0.9871406231897973
1.1365006516819045
1.562240011496998
0.9666450190346779
0.9507517591368263
1.0122863972265386
1.4350255898284894
1.1141192193454237
1.1388742120809767
1.2507308484673525
1.2353796224273452
1.5220109409683367
0.8209454113853124
1.2940623166137304
1.3788793803636614
1.008617667834548
0.9206752373964401
1.094031503436085
1.1773861034571316
0.8062247000689811
0.7332203033000233
1.0803430884319951
1.2126404308185588
0.863014054723491
1.235971158068811
0.9749460055320528
1.1637779419433247
0.827930244531136
0.7059947754637583
1.3170906707990797
1.1063110036594168
1.0766218328177746
1.1050478700840398
0.8019441254172408
0.8192739406575562
1.1006516603708314
1.0178035044950982
0.7294753978314467
1.3048244031460083
0.8626391260291246
1.1825599393711714
0.9124326054522818
0.737606050337521
1.0814830316584787
1.1060441063073492
0.5230816548644149
1.1543955929992593
1.126289270749866
1.0305827656228186
1.1459441484490784
1.1333332405359033
1.0191062734954732
1.1700374598226135
0.705574044372183
0.9264544183396456
1.373509250219222
1.1903423249694096
0.9564089843181419
0.795818822239442
1.3817369823771757
1.2101275531984508
1.1599088284043457
1.201044908990506
0.8950717995069986
1.126494448386257
1.3387729797159618
1.6043525059888335
1.3203953397013206
0.9566732844193232
1.3558882466389977
1.600032143972661
1.2223975161360565
1.4334064309038628
0.724672129642895
1.2356499124480358
1.3465245160772399
0.9171877154004958
1.044417247574823
0.7222994090491843
0.8732524774842053
0.857795225658525
1.0499117223808392
1.0861649023795383
1.2349933174082761
1.1630231894779537
0.9298938854776334
0.7368308538605483
0.9229156647287434
0.928775655381613
1.0566152419065953
1.247820835956266
1.3786071296805746
0.9363923666043273
1.262776146446622
0.8858882813222946
0.7988062003131642
0.819717330261648
1.2223173905035036
1.2889189189657833
1.204532310605025
1.3660939835391155
1.1531237660032803
1.1228847863140738
1.4416324113567234
1.0980065786145088
1.4017209967333861
1.4517353638357098
1.085317361370177
1.0466191976269081
1.0288473987786098
1.1427163328745447
1.2070941747418242
1.070480286965649
1.2608608133575137
1.0749043664689184
1.2708435879763367
1.1945499449844728
1.1308697149436127
1.085213150702775
1.0673101317258749
0.7492592272779842
1.1011918554239215
0.9473036608783337
0.8788419874946214
1.3330422236990522
0.8103961267282633
0.9132491046831904
1.0736234028382006
0.9645462746996535
1.132189739411621
0.4011817801596326
1.2268498499442597
0.6924883786683104
1.1281713414131918
1.5520144293292386
1.0810212732970823
1.379884019900525
1.180911095831186
1.4197085156042468
0.9409321101101883
1.2620823787078874
1.3179417275591272
1.4166998348816986
1.690717509570657
1.2352078974507323
1.0805491811726957
1.2533641299499796
1.1573938171316374
1.2736538916590188
1.20666532280536
1.0510356770703069
1.0241699131678916
1.0661977288671478
1.3985125224679138
1.0149245236851552
1.3199601944405497
1.485053710551953
1.4087827585791066
1.3190171112007234
1.3621220386650652
1.4577245978575202
1.339392412836511
1.1812351622139894
1.1312914178345466
1.5829054538522596
1.1373075657840692
0.7120523893925369
1.1985026940087313
1.286123006203694
1.3698673319802082
1.0509688231848242
0.8353455828100735
0.9380855260199427
0.9641353012398787
0.7312270345990248
1.227482724313891
0.5213290044783693
0.9245944329765879
1.1457467268099808
0.9677803665316128
1.2149101723769
1.054815585715614
1.4957272826931929
0.9797469859577245
0.814497409915853
0.6958836140393455
0.8103947427905052
0.6565799065725508
0.843549207012593
0.9355951735801921
1.306871799661679
1.53725673665748
1.2834546990240436
1.0611218197377494
1.044203858737288
1.0397910528755268
0.7946794589880539
0.7103619136101091
0.6135062284693581
1.0132612748990735
1.071066117736756
1.5073710306012762
0.8445416150425429
1.0929495129779727
1.2666710575590612
1.0322354525362076
1.2706348469670636
1.3933828782885773
1.3234292294728374
1.2984476978597779
1.1825260292255966
1.0095091856806433
1.1610989057939025
1.4830930931117248
1.3138235736343062
1.0198588875338812
0.8842389148690879
1.041633450691998
0.9909429455211539
1.1156936890830946
0.9577866073274189
1.289685291084482
1.3771210960591893
1.1467230016546424
1.2602266200212695
0.9215639095879881
0.6484590129874425
0.8964009583133941
1.004829228080553
1.3704385388543687
1.3240354148573807
0.9241873797405308
0.8906115136258052
1.5385273907176589
0.9895507682442733
0.6143835893489017
0.7854046463241706
0.9218770651370806
1.5823846135571271
0.8171254191755316
0.927346059712035
1.2792972792051946
1.008889944728325
0.5760046958119146
0.8574417680100441
1.0156602997777147
1.1015759300391292
1.1209128629924197
1.1961390663510474
1.0832254096945184
1.1434137179767447
0.869872189099837
0.9699474066694512
0.7376232660508553
1.2349742033662277
1.123435441546843
0.7644975748570527
0.6330977766941834
1.206824932715218
0.9862664278727048
0.9765108939588786
0.8922395562383725
1.2750565604319686
1.1261591903580777
0.730358565327192
1.3879244682505805
0.9961752787107142
1.0490154805503886
0.9664697708962361
0.8161891186191648
0.868038197805897
0.8016152761680372
0.8122821287241104
1.1548977547367705
0.6346164321937217
1.297493446390797
1.6178158520504802
1.0320992462745557
1.2410853240853315
1.2504426816777494
1.1614988643362585
0.6553991378098226
0.9669074864180641
1.7059943261137005
0.7451199778429399
0.9933394211506933
1.1886916149353839
1.0722877806019597
1.0765038526584552
1.1828745180656397
1.2093502068018118
1.4193523474838945
1.1791915017310335
1.158568310738567
1.084105016672328
1.5272090994405756
1.2141883659076644
0.8977700926262068
1.3365269802418798
0.9044909860037954
1.2255930427764583
1.033853976085235
1.2213605766559477
0.8393351432528428
0.7515602874830632
0.7986033286791866
1.0552474196304367
0.8292531660972596
1.200319891071243
1.2917838960777261
1.0716721681656387
1.2178663064773256
1.2741565114921163
0.9591235473743743
1.1941140308813447
1.031449053239171
0.4921807908800556
1.407234522515949
1.2149712057645916
0.9536434947679723
1.1352499802956924
0.7995901178948843
1.421587271886497
0.7637416779557117
1.3390169764513502
1.260630126089533
1.6123124470766355
1.0959812198733685
1.1445180272808269
0.7205627484286757
0.8016609665623594
1.4350149493289288
1.336801615512121
0.9240287902675727
1.4649231077127598
1.004596140364148
1.0939138982555117
0.7958793220531785
0.8987595369574043
1.1322026135372063
0.8014376873729002
0.765649976077675
0.9208363525075868
0.987872714909214
1.0593907869063304
1.342672960611446
0.8948515608989911
1.4017744401514558
0.9600547126741673
1.300515663673222
0.9197833524705289
0.8760109668120976
1.0323701082890708
1.1558916005110136
1.030146868944803
1.110253412942893
0.8688262927577665
0.9819374890378988
0.949117407543188
1.3136732557729045
0.6739040777958181
0.9368626923986084
0.8481554071929044
0.8381578308937078
1.2100632684502028
1.039221458899879
0.871949062554857
1.0184007841041804
0.9653688379185167
1.0692853160595042
1.2752100047973902
1.2470743962794386
0.9390828761411351
0.9353463745530092
1.028954431773612
1.372882057519969
0.9470618219271855
1.180839329416236
0.887699622172367
0.8618602652799556
1.264320960752585
1.164045220773117
0.9655017295381442
0.8881071784551805
1.2473110951123652
0.8814639348223534
0.9451396826773383
0.9471098650353859
0.9948304944305594
1.0013770559148076
0.6152496097171549
1.1702233397575896
1.185032854353726
1.1023968685790448
1.1740083780450512
0.9593755171916548
1.4619341702035014
1.3677599605634567
1.470771938307322
1.3512400114418888
0.9746947319284759
1.1292811626636925
1.2362939427166855
1.2100395989511692
0.7260932013934418
0.4316713653085743
0.8169627209803735
0.8552319756584682
1.2120590941915732
1.6230589559021054
1.2368916214493715
0.954714662613508
1.2284974351589204
1.4577758503315053
1.069680057395209
0.9278255378710759
0.7470514027380948
0.7011726447840982
1.165367072859326
0.6257652006068353
1.1931702720764417
1.0290719859272857
0.888875657523276
1.4832897956799496
1.553500720282933
1.0166194639934198
0.7384816612132908
1.1739857116695447
1.0499249487138256
1.048540214022623
1.1627005293039863
1.2271111033276194
0.9758324749576696
0.9220365047060805
0.620865557444645
0.9327861048043512
1.104605026684365
1.3477092935550474
1.2085816041239397
0.8799871235535426
0.7611976176653936
1.2279060121101142
1.2269936178957666
0.9760391616568876
1.309694447378016
1.086122388344567
0.486890615455459
0.8265712406125233
0.8606201396925305
1.1961420635416418
0.8486734371558502
0.997708082283623
0.8902002736956905
0.6562415850832931
0.7155499990874723
0.9760008177755045
0.8566036232440006
1.0313425503902707
0.9093930143893911
1.1458413301441503
1.0050283249763323
0.9903289953064184
1.1491105020802614
0.9381397692166183
0.7631500995590645
0.5914544611583047
1.006952781145697
1.1257947147320595
0.9625705453893977
1.1970626884686553
0.6156456533874581
0.6429276379976414
0.6689697636709121
0.98445544809359
0.8311760779597687
1.0123369102958557
1.5072621327721898
0.7403716971742959
1.2898562882940046
0.6226392377069071
1.0387018189557773
1.4666833466705977
1.3785812779827218
0.9547206925776254
1.1286223625258427
0.9367501710509324
1.2855824108115927
1.2988191664710569
1.43613483687195
0.663358938316285
0.860430697026956
1.2065482847296685
1.0737952685033179
0.7969612824488345
0.9712035099711317
1.1047120969911846
0.8984231853512237
1.0991003960469865
1.1939617151575075
0.982578188089691
1.1485250488054157
0.9665215110779558
1.1913128736793805
1.0715657140651567
1.2872560475449486
1.2348351887482258
1.0209284861761916
0.705920609563108
0.906423316084211
0.7604257260372297
0.8885250541354784
0.8476301664147438
0.7466700650320711
0.9873800006732015
1.0666451210809749
1.0013155008056107
1.1341619559217078
1.219302903601791
1.5510408373407956
1.2626723092401082
1.174214024377179
1.0869505505015935
1.3756922336015924
0.9595776266463459
0.9123425856198116
1.1146050086529284
0.8846487267714487
0.6553199592592968
1.131933242679893
0.5234843335935135
1.1585796388951823
1.1047874952727124
1.0094108452604367
0.9497277969739603
1.0025385442378902
0.9768539418652328
1.111018613695566
0.9231128220194734
1.362780759559674
1.304204287670685
1.0421807472715738
1.4162971122338952
1.350582572253077
1.2028758420875167
1.5607005282567132
1.4356005526890634
1.0433521822405205
1.2409544404127302
0.8133960242160132
1.1518887707430923
0.9519804806449551
0.7891430293296987
1.1696585949566614
1.2707190971132425
1.5787403219307223
1.112560759042695
0.6830919450876498
1.2426751901379005
0.8585363462498379
1.0041842577610534
0.8862836860867797
1.1891041862100802
0.9506748955147012
1.3182680098287136
1.275926478198488
1.0628786881168233
1.0637318072276865
1.1187797191570241
1.151487321175094
0.8104708967891103
0.7758570728302435
1.142055483826199
1.130008484549296
1.1089199684698088
1.393703763721489
1.0070307303960828
1.0669025208859024
0.8955406072355697
0.7693426381324617
1.0992857250619044
1.1165625777707844
1.1553205467094623
0.950705877430524
0.9839997838621312
1.4460181453010303
1.2676862635233939
0.5839523807913385
1.1915758992363101
0.7764147970552883
1.032550088864433
0.9003420621665509
0.7027470900494802
0.9603318297833011
1.2534155590316078
0.9139070832891592
0.9013981118278351
0.6082626906700394
1.0764653332589655
0.8467701810420208
0.6963549409171473
0.7042042571980986
0.7025852488974828
0.7574995575805368
0.7967003612800264
1.332969990974828
1.0370402572360722
0.833332333862685
0.9751388448610713
1.097119160195384
1.0273447300727288
0.6541629863563346
0.9809517878468453
1.0247068567988686
1.179575167584508
0.9615553921969086
1.107454050304096
1.110867907128127
0.6655223604797326
0.8741007117368303
0.9534684227080036
1.0716329203342363
0.8541228805494288
1.2175205079241231
1.2090064387157935
1.3437115567119442
1.523000740468278
0.9558338674276395
1.2291697862363506
0.7880816191540505
0.8558221848332097
0.7784144556841676
0.8729973377408985
0.8017508192054796
1.1044502387726467
1.0123760216332847
1.0931429245751223
1.478141275523371
0.9253391245763339
0.9308703771371475
1.0738668903725808
1.0510040143328392
1.1259221512283952
0.7566033785833691
0.6909442334712944
1.0176526798062993
1.0466045327938802
1.164400342959397
1.247884689893726
1.0303658055486167
0.8492293162329305
0.9404775001628835
0.731439573651978
0.699635916632595
0.7342831479895982
0.6649544756214846
1.1400882493195392
0.8366135842629158
1.5512016748836892
0.9653280382295378
1.088605083148211
1.1769067313327344
1.3362353545107069
0.7048073778502194
1.0546831989513845
1.7436408095474616
1.47436881441002
1.1216038811473519
1.062335393802942
1.2265106441125553
1.0104161143793378
1.5066534865245158
1.485679253649675
1.2617353141712409
1.0155524132622062
1.2685185765176932
0.929970894286486
0.9507392268221367
0.6814184817181367
1.0627121916114683
0.5758499546028889
1.135537055286704
0.7650201355683104
1.2042594926903032
1.1273296980190721
0.9444296457700728
1.2453573628394057
1.1595525801867712
1.1058612065567595
0.7815940063753938
1.0582932540335195
0.8927050742462361
1.1180249299008838
1.1756024452503346
1.6844095931468948
1.117204846729132
1.8842467815982462
0.9536509244095704
1.1984968369217164
0.7351250879381762
0.8001413391640436
0.8014773122754504
0.8747357799829141
0.7830965281006513
0.6419206080273832
0.7884815610557375
1.2780821918908682
1.0139071115393326
1.1088415061293762
0.8497700122001192
0.9586218703346733
0.9789669143722434
0.9132244609271133
0.870070674505173
0.8832825781223757
1.0900707617411383
1.2879708250802715
1.3952015396582054
1.1415265303568225
0.9047328639287473
1.0168943581027765
1.1265946149634942
1.2548601805876975
1.259011288891553
0.8421841220512555
0.7706252294643919
0.823510777626828
1.1828579832676591
0.5562800993390381
1.4238705386158073
0.9578030496175151
1.5345057315577306
1.0325656897330537
1.8840130565400206
1.1347001027376176
1.0449923754925408
0.9375585376075078
0.8371340130605924
1.0265274792085306
1.0945156577349537
1.2340268091232538
1.1264301713054083
1.0044497098775416
0.9229110609607462
0.9604663146253883
0.7934028665792661
0.9844438579943658
0.994829202120156
1.183010282874827
1.131810051053264
1.2663890780846887
0.9520533179354304
0.9125747490879379
1.008029351321828
0.7829417583482253
1.1476866810400321
1.1226009238814176
1.207506495122216
0.9168072872906164
0.8688274199571787
0.8320930317603686
1.1510273803086437
1.5445010027588135
0.8905877483649218
0.7355991302864523
1.1317466700769245
1.0254591136344664
1.394442158645601
1.2810862581836728
1.0632653244697972
1.376569062993984
1.201200270258864
1.0645256727172736
0.7801478659504532
0.6439223681169509
0.6815923724993286
0.6470717451062062
1.1550387314266508
0.8885514297264018
1.2529585578791052
1.343742675055532
1.3411027513442806
0.9248898827256856
0.936958403732176
1.1939582036390544
1.1130622009175077
0.9292485553336071
0.6344331413539538
0.8166615875065428
0.7986724930984913
1.165753902452077
0.7917655984801959
1.2768215454326486
1.1988580953686703
1.219069796951948
0.7941947104468826
1.1214696612176063
1.1373755524497575
0.9411442137466665
0.9255459316592741
1.3259735016383754
1.159669880577964
1.0640583671965027
0.8961876772709758
0.8073429326970688
0.7314593897043448
0.8341390192329586
1.2722691381012747
1.2087938751924932
0.76899127046564
1.2631476341405945
1.1668396067560336
0.91773950318817
1.7206490461067285
1.046418433041103
1.4374182124912682
0.9139791323171642
1.2387684568477353
1.0345125006064602
1.391687265944658
1.3681958105390302
0.6938747818257515
1.405384005564514
0.9182737128448925
1.0049241879242345
1.0983350526905724
1.1382906081506972
0.7873029118320028
0.9230148322799069
1.1128672788709193
0.8128913698384058
1.213054692298036
1.1521497807309746
1.3453529425351292
1.6515375893333846
1.3567502550455695
0.7249788922540965
0.8599589338893658
1.2839115308308497
1.205286147769062
0.844828726309775
0.7266390620188776
0.8437059244164282
1.468413297450491
1.0753898198781817
1.4701604975433082
0.9519260392042016
0.7817811715206952
1.1768030229821056
0.8420350136249473
1.0857476564243316
0.641721954942113
1.0809357925185643
0.9812757518851501
1.1803821643437649
1.294442391309719
1.1868029254111385
0.8898834769287929
1.2070616222277266
1.230113715334281
1.0723021805760111
1.1776114572577954
0.9903588861179665
0.6066157003599236
0.6630474392768202
0.8860184552373805
1.0294215412972474
1.2672884163411724
0.9934310500093658
0.8789865572779945
1.3037266614869472
1.3463157656987998
1.2422440397314025
0.8414496973297606
1.335875201820141
0.9062318944029751
1.1025423352977128
0.7951647348592715
0.8144625228428373
0.4604392593035428
1.0234820791832975
0.8985541511949392
1.0993860463649359
1.1420412213272062
1.1038824653819208
1.0140188073505876
1.1532005169977901
0.8463975225919007
0.8480252018582832
1.1112437724995825
0.8464339972091469
1.0604887730636237
0.6055440748666762
1.1098588672935117
0.90448019960736
1.4098472516379312
1.0476196249551728
1.1446796244297301
1.020484222979017
1.3225071699188975
0.9011733876021575
1.1102348860928641
1.5805304683436923
1.0294368612952198
1.0856486101421456
0.9167240517031335
0.8904145202838425
0.871936589722053
0.9036922725104405
0.8779072801800024
0.9910598076484077
0.8988038210919775
0.49621119752857057
1.1093232375600495
0.5895657234960957
0.592239607314116
0.730609673283453
1.0511869324915997
1.2821937297851465
0.7458263425646022
0.5057005755969094
0.7874208532002495
1.0541219679468392
1.004832169403058
0.8915792991102375
1.2016733252878908
1.217740978384873
1.0899627605531075
0.9478616094114204
0.8641000216736352
1.1769175030708514
1.1265919958974517
1.1419977311104133
0.9356400556400964
0.600780833433897
0.8256204488300305
0.9374843286497508
1.4446218299473768
0.9615966219551609
1.0147609191190698
1.179882079163241
0.7142484506626608
1.0932686641878753
0.750300904782982
1.6053533248566736
1.4407681832942387
1.2855701028819861
1.1938422287978496
0.9392884479723244
0.8789560567323028
1.4796375211149604
1.0983363946789944
1.5506771846614926
1.3364901259220452
1.201955933754057
1.1635531733434843
1.0084994490598052
1.4623659736998074
1.0246436788369022
1.1259817251981947
1.0182748883495307
1.1245630522249432
0.8598366174857232
1.641555276120441
0.7376769723520474
1.402359395667179
0.9792182683050926
0.8146588627986288
0.8463522080532012
0.5760961789584166
0.9248072064176308
0.8866263546473022
1.2707625780606997
0.768627516399882
0.799354026488849
1.0134208829332962
1.047113070736981
0.9979024238020743
1.0102119114332195
0.7986469051364139
1.4563472823814236
1.0482445904090731
0.9788658097826993
1.0389673687051337
0.7392751967322232
1.1075748264667349
0.9694730628679434
1.1730106703456182
1.3523528206249547
1.4774818331735524
1.1283448208799847
0.8492409291702658
1.1940283191463301
1.354125460610999
0.9148739216391157
1.2993081223294074
1.0422056466232532
0.8577224403525521
0.9938560506231903
0.9805001325154853
0.9797023018547183
0.7532539687453
0.9358941754494211
1.0997945626631656
1.1834313923087323
1.1042972712604375
1.3240358404433072
0.9765750790797906
0.9867133492232784
0.8671508779189511
1.1328610645715567
1.0157614297485054
1.5867209183819133
1.6597812433309123
1.104253382315049
1.6174862837254147
1.0870265568908102
0.8682397891879922
0.7026342903141877
1.1219478012776847
1.1669561345631243
1.176166211284721
1.1434521753560651
1.033265666218403
1.1044816179958616
0.7969715104080503
1.399094497979808
1.2881561154454266
1.3509194376744855
1.1581392972515483
0.9448837252395618
0.9613432293361427
1.191359114027934
0.7863801148341079
1.1078924841620261
0.8519065127427049
0.87424856290254
0.7114668822746079
0.8429770999420219
1.132404304514326
0.7283428185487386
1.3449866207122967
0.5702637347865326
0.9098624706757011
0.9986329831993136
0.8272472921163413
0.9419593059889507
1.3027020907724385
1.0357661249895103
1.0415346275571922
0.7627781172616319
0.6055556818047364
0.9744522886772812
0.9440321286364045
1.0856610567685385
1.026679527084994
0.9301260281928859
0.936956554661832
1.2973064912733268
1.1061362521957674
1.5496418536601761
0.9988948635987639
0.6325883567364866
0.6909726521183842
1.3479039585756438
0.7986584421094668
0.8566682018755676
1.2241112741967903
0.9047403713118253
1.010373367274792
0.8469761647139127
1.1487530519677234
1.4382071112677424
1.0426236588981501
1.2810180261900106
0.9824619937005835
1.0250966627575377
0.969235465827681
1.0157998858020607
0.8304899128166092
0.8854218359014133
1.2477532308264532
1.0500696077555325
0.6269198930760408
1.0122267542831729
1.2253886834412553
1.4049126713123168
0.9776990879662609
0.8435221729240515
0.7574043172730541
1.266350468932771
0.9312044623007444
1.065308764033865
0.7267428175265109
1.0769182464517923
0.9202286520573218
0.8343760033076739
0.8406592270641274
1.1669378598686353
0.9715529768542462
1.1617900965612107
1.20507138546536
0.9524574745740929
0.9402683899700478
0.49480371675231116
0.8281656302429942
0.8144975625031414
0.9476184125163748
1.5794169985262463
1.0999999626517716
1.1030964070519103
0.8842219996636964
0.7330994076901696
1.0652556040928856
1.0388836276060314
1.1857211720168839
1.3875099914625777
0.9895634146890059
0.9809605574835231
0.8857684338916114
1.0903685110365395
1.0201796818499995
1.278996346187597
0.9047103801866521
0.8491422714609043
0.8523859215297018
0.9438188322158575
0.8358891334247107
1.0996805323921295
1.1318289981160845
0.5629793946192415
0.6986100602823941
0.9044248674913795
0.9692854699516743
0.9772118287156047
0.8608247095609897
1.210961249473776
1.8021325335671838
1.0366845158788816
1.7043004845209988
1.1715148083989761
1.0288307788200453
0.9335156277566422
1.1249577412447342
1.0337689553831608
1.4838413003795723
1.5769280050867418
1.0468197264699757
1.162837154321999
1.2092588215158555
1.0384466396407848
0.9081856593656066
0.9539094588959801
1.0719606688636856
1.2037625931623963
0.8954870057901863
1.0893957206973206
0.9798899178283892
0.8037725202167658
0.7820396405279465
0.9692308879409454
0.9479880654019966
0.6762692303463066
0.9441930864707418
0.9281363205018415
0.4629356191158751
0.6893890175148062
0.756603548696507
0.9113120577591102
0.8164575539927262
1.2748572798761395
1.1272199145578785
1.1544251040088596
0.9908164943731673
1.3646778894406881
0.8851646468151888
1.0546959796536521
1.2224534452530906
1.0093864698418489
0.6282470740001357
1.0457253851963004
0.9277489492630592
1.1602497881307832
1.236794055788637
0.6880339393434116
1.3507952943582313
1.2927192212935503
1.721597503222685
0.9476407325158157
1.110458356501145
1.4023129694747245
1.4686312397084642
1.0218196162978588
1.4704494726214836
1.4386718189396688
1.590120914069983
1.47771118891746
0.8678424328643096
0.8993867485614591
1.1871610222022586
0.7910436800383323
1.0548214538604794
1.2534055962450796
0.9512848074545507
0.9796763386783564
1.1788318278711045
1.2654259105673211
0.9339296838194221
1.5157818754318229
1.3499801536479574
1.1765162924869967
1.0422460814293935
1.1525426673456838
1.384443236569809
1.3000089411749616
1.1518727503857065
0.8057419306881992
1.0739379837247742
1.173362605048483
1.0270366241164162
1.0618251022493728
1.0529984420579455
1.1815340797504457
0.9185358801694335
1.2148702336899133
1.26780470921894
1.0275197450064055
0.9155833205118836
1.262752047910892
0.8565793216774158
1.2732769094995058
1.0030235904463982
0.8157316944941351
1.2061382902941953
1.126017165864987
1.3878824223632762
1.1614985818479477
1.0699149031188657
1.3780182827245036
1.5544650539306741
1.2881224617973297
1.1901657618234252
1.111052920614802
1.1431598235135865
0.8647101236319394
0.9598242399090474
0.7898652091385548
1.12988259748793
0.855640224994679
0.6630862805801571
1.0340837333760382
0.7140307941034284
0.7516130138194083
1.2414252567372857
1.6553635779770537
1.2835100042654437
1.212154870668387
1.058770130823855
1.0371762754151812
0.6876632202844467
0.6887447155235763
1.1403198644396073
0.99237897197764
0.8748634323841025
1.2377356271572988
1.4829722750079006
1.109308892462158
1.1584528498724682
1.206030810995447
1.2400022215262125
1.0666719211042275
0.9788787790114762
1.1731791062301906
1.0520640199616225
1.1156535706266464
1.0421107833347998
1.1647081553243241
1.2056030923761694
1.3290656398932508
1.0526199971361505
0.9994798609820393
1.1516331193254574
1.1330937306942093
1.1180869462234924
1.1832036118441636
0.9801098608997768
1.5538841868252553
1.3332070775789162
0.9417672971980681
1.3027066087196841
1.342583913759149
1.201384356402547
1.3049177056932606
1.3521807690208525
1.0541193143698435
1.280066396742193
1.085623014119233
1.0972748824316627
0.9188310416682884
0.44115579569480634
0.7179986215773904
1.444482889173301
1.112203700000247
1.3009538281199424
0.7680721157829224
0.879891170075743
1.0437713833846032
1.1022512965477482
1.5321066563670658
1.2950912323162918
1.3912393283150515
1.0372363241168698
1.2250160105124746
1.1118020703716396
1.3667251794849948
1.0821360470771892
1.013626994293389
1.4658164951134882
1.4592412477860548
1.0108264733769896
1.51632599491959
0.9500288602390065
0.9861097326609848
1.3730917420551505
0.9090675811393918
0.8100439202107641
0.8221487055257093
1.1388547702908742
1.0312522272818578
1.0128997741709038
1.3174508777435665
1.3892994896051296
1.3828789903618717
1.1301853897767429
0.6841053507824292
1.0608507634962172
1.2575369517232622
1.2185835856291871
0.9836492493205239
0.7178114128268775
1.167379531760944
1.0222810908776152
1.237361647287559
1.0220832563087208
1.059434839810018
1.3092982400148299
0.800426644925729
0.9639406898572759
1.1601684136546713
0.9588014215375357
1.0477283761484473
1.498903437282143
0.7963735572506764
1.1363083467127022
1.0072581112475174
1.375710102783306
0.927840195341966
1.0103441424054167
1.21871384690263
0.7936181389481796
0.9397203981648193
0.8884142334838104
1.287815429859874
1.2118626546552018
1.2736538596087954
1.002347876722765
1.095851343929649
0.8364675705697394
1.1726331149191342
1.009170656532052
0.8943311715391078
1.0196749869176802
1.0179744871432155
1.2715405900529961
0.8729644082110304
1.0093137222447088
0.9655377166861917
0.9252637447136044
1.263940909588786
1.6566835182793356
1.0114951187093029
0.980653163415809
1.2558012527765574
1.2550272260109616
0.6227902586796891
1.1821574952272669
1.2579706367018397
1.082872438712289
1.3045963092955242
1.2082629001004233
0.6905815766008708
0.720413503591772
1.0698035090020235
0.8738813255281348
0.7388929741795709
0.7926431468250759
0.587825982670848
0.9439818673575245
0.9239336712001588
1.4028858633111176
1.1357663444526649
1.085648917321191
0.9896498898415348
1.1673673553162978
1.3276516421356108
1.145763843605758
1.13707713036451
0.9652298881664446
0.9302003246551859
1.2525067702235957
1.0920701377429889
1.5534967344217718
0.9877461138513429
1.2267587096727244
0.874728063255293
1.3208990390570214
1.1514444017572623
0.6751742632690593
1.1333410584177654
1.144973205093479
1.2882537775025678
0.8609772381085045
1.0176428818802057
0.8739057133441105
1.570214607320024
0.9407905147848384
0.5292497390187476
0.9802373936067986
1.1574134475255067
0.8826137573442333
0.6984172937021821
1.447569930976195
1.0539807369392968
1.3756346364776966
1.0297417949946632
1.2337302903273535
1.348626852381991
1.0632400533096984
1.476791719127947
1.0650540954527106
1.3398120211058493
1.1692532082134304
1.2688262569393205
1.2581586018213744
1.0930754214376968
1.0106583855978577
1.1569159299104776
1.863627732362005
1.1694095404565519
1.0934301637990778
1.1502642854125258
1.3262010318962596
0.6895076335811708
1.2145165237963378
1.1806059731000795
0.7344994187664301
1.2977677583677407
1.0313226739031958
0.7145253053803066
0.7894536110808507
0.9916139102539617
1.3598980890699377
0.9056370106435879
1.1907779295884313
1.3784468494333826
1.1413244564453264
1.4362991812812667
1.1582272158939746
1.278574074327536
0.9891405161429062
1.0947562540392073
0.8917891541783505
0.9140851609666979
0.6579951476181647
1.0735416733365948
0.8793432453194935
0.7436304070430522
0.9657308955096945
0.5795849260609879
0.8962196316611751
1.0443384853208972
1.047324254072324
1.0742883075527785
1.3944684237940779
1.2849492806211686
1.3543653183890874
1.4105860326663822
1.0556577122138846
0.9133545433903779
1.026036010318319
1.3946985097922588
1.172310480790185
1.3416613142054983
1.5932403258857435
1.499118446501818
1.2303599638038771
1.2961007943063623
1.1051045362378045
0.9711441605851187
0.9940378134115161
1.2462815268861125
1.0600659493877789
1.0961844405165997
1.1676802484262383
1.0798894645327382
1.1558674783116925
1.450138869923298
1.4447182601260478
1.2463843708256155
1.1039689819826517
1.382042252742112
0.9942407939536947
0.8379173676037358
0.688083530256599
1.062140742711151
1.1988362239727268
0.8244685171976216
0.7148887541130965
0.7637587708255053
1.030166475527721
0.7552058892384428
1.0708062371829719
1.393812999421763
0.8615101954279077
1.1133375413747066
1.3708463795028198
1.4003226608021893
1.5574040880581725
0.9425931795884918
1.2160375479424432
1.4808684504624376
0.8459836090104172
1.4122620903296816
0.4868636537543699
0.6416825027520817
1.2293491249975883
0.9038895519353102
0.5324808152138923
0.8995340911214982
1.0633260427257827
0.694210674393872
0.850864415081952
0.6582555824672117
1.0977897510819783
1.0720517435600825
1.1519293436903737
1.4298948950280401
1.5018855271329712
1.5153354343773329
0.9993643631207828
1.260723536235757
1.4177863944880327
1.006072872649565
0.9737770394599713
0.966580856384407
0.5847427442040892
0.760741408714057
1.2862516001791244
1.267336988207415
0.9030618322409735
1.0862551471016668
1.3495008485337667
1.0242191577697972
0.778961408525421
0.9160462899429249
0.9818909330924389
0.844721067432089
1.1004812316196975
0.3420069384864288
1.0055388935626839
1.2640907501754786
1.106577280582043
0.654895019979626
1.2285050095663215
0.7539193804334628
0.9178755887500482
0.9860972902056547
1.1058676189255567
0.9560682338943799
1.2585264676584673
0.7116246809769717
0.6969251211141888
0.7300379216782692
1.2010397879682537
0.8185047464346502
1.1328821409669214
0.7861477131353726
0.9324002510568964
1.3500305513493578
1.3211869212118557
1.6060003067748667
1.5788469487567316
1.5664001921509725
0.9324349815475462
0.8674505310662858
0.9971197542103122
0.7565440838147871
0.8456449679972146
1.0630508244764203
0.8893737233261827
1.0952288133231969
1.2213360193248635
1.4734577620923281
1.0054469367425014
1.0245511311358175
1.0750761766886816
1.0395006800115798
0.9153870845909675
1.1439082418973094
1.2880731388777944
1.2580994088514468
1.1765235221472636
0.8894117952980719
0.9566594018802056
0.7365633784844445
1.086103158596394
1.2420668730692228
1.0004666732850944
0.9929902872260178
1.143705137167605
0.9793335730886584
1.1972483469268784
0.9868682471150568
1.1761829885090833
0.7173571315632641
1.6384641359271679
1.0722633760491038
1.4433866018965702
0.9294667102236104
0.9794599127247471
0.7011789572254101
0.8383216507769521
1.029284632591088
0.7852327846933159
1.0212481285416715
1.0136693948218036
1.0348887369099953
1.2171408081166641
1.1086345697385251
1.103157922790666
1.1956784210692222
1.4869260544159326
1.0235067698843847
1.0201886370326891
0.9233976991792304
1.186738762023864
1.1417496839175258
0.7867046972173105
1.0621152458456449
1.3318953274321137
0.986597589098473
0.9231888942214564
0.8906003695739675
0.8833018363926223
1.275256293744004
1.5725592734462417
0.921839157504096
0.96753715182434
1.0486843371708958
0.9977307623075425
0.9774879116354186
0.8568248796833191
1.0268222046065274
1.1534042119017947
1.2635584974210428
1.0001953089647226
0.8678359757565749
1.2809575035850531
1.4291500919003068
1.1318475538969834
0.8656704569585616
0.8144406080321431
1.2242599949267976
1.37135738228048
1.088634834612294
1.102935232490436
1.255564687119911
1.4079989758463278
1.3471598294803355
1.2415769046514709
0.9602338543626917
1.3194615618493364
1.2600520099823616
1.2138284182483818
1.1890895083517017
1.037944819138493
0.4475237466592653
1.099477405058051
1.7535556088962632
0.9661113254758321
1.3247304791543115
1.2468766488378267
1.465831208714857
1.0281294316704748
0.7611758520128805
1.050227035519231
1.039061255773132
0.8547279031816014
1.2759984308472974
1.3759072420491694
0.738787103970877
1.1539073783588878
0.9251075160339736
1.6681804960902435
1.348678234911564
1.1251010809963948
1.1077256249273386
1.0712772730542424
0.9970808549741371
1.3133654405881852
1.270769576923092
1.519981088424664
0.9682154658161163
1.0491223262704263
1.09755110804455
1.4201205301788535
1.4406148961102287
1.1218176498837495
1.5064648795036595
1.181185112977913
1.1169658549347419
1.3507075066028307
1.1905069210486832
1.052788285888649
1.173877290636233
1.311800716211843
0.7139275195709545
1.5216196826891502
0.9091024664463918
1.1205363821936272
0.7517072605383047
1.3181527525201748
1.1002263683844637
0.9889706314043177
1.1772556516363974
1.421702014735763
1.3811003711146181
1.3664769198247324
1.255494395807391
1.0349508474606828
0.8796018788734606
1.2219858811043993
0.8385167007125082
1.2905204874421394
0.7258044089400012
1.0881078327156406
1.4914602163896618
1.1942011654569873
1.0069348662537867
1.1706325390550383
1.34693240710854
1.37411396519741
1.0785488954668998
1.0118021084069138
0.7479850824068577
0.9977964168183598
0.791383606404058
0.8741701152485323
1.0214321488137956
1.5343480296578855
1.2959107699469907
0.9422095895827151
1.2510284863609442
1.0576294448878372
0.8566015701767734
0.9316632807222424
0.9035577837507184
1.3996482846061364
1.4740984929428262
1.128618632288195
1.1788084629295463
0.7923842099409392
0.6733607847878768
1.39226830081824
0.9846952332005309
0.9372210214369704
0.8641865213151477
1.1060362046808654
0.5675458076277807
0.7135770282701767
1.4358646592671518
1.2084946331461874
0.6774603409111724
1.246751636680469
1.213610366120303
1.0062239778134325
0.7022200674575965
1.572515238649478
1.4018553780523395
1.10459965139603
1.0602616185570057
0.7442726737745562
0.9607703949763075
0.9392744174531084
1.1692095271476108
1.1912941554699878
0.464049534900954
0.866398652026337
0.8487280809932182
0.9754739788840551
1.06926452110837
1.0868044412329942
1.073133205635767
0.8573585541231526
1.146553822680461
0.9110048930759639
0.9819170367260287
0.8136852058098364
1.1310494301404082
0.7608747656957581
0.7046413741959857
1.2504449606949728
0.7038194903759439
1.1098618491180108
1.6267875141638326
0.65047179980295
1.1692323134727436
1.2543290644270497
1.3106627597181972
1.0595085836956093
1.2899497856491238
0.8275747753267902
0.9698517428610821
0.9887415564181531
1.097543145918659
1.2239893303201212
1.530846399927571
1.017976240727788
1.0640051517387934
1.0783755393638144
0.8078137622267678
1.2213290865886057
0.7958781468627938
1.107772670241838
0.9929119008894366
0.9765728050911365
0.9128574252362954
0.7141788619081385
1.1674433431706484
1.177730117075557
0.6078690106419916
1.2124133787357385
0.8568904639491172
0.6784751503769761
0.6729341245122403
0.8589780097580282
0.9349218549392891
1.1066365082349703
1.3134619382725472
0.994079020078905
0.9697294388870982
0.7277507009310734
0.8998998172169579
0.8102243001607904
0.8217863096662459
0.9996997642122675
1.0494938738352229
0.945460459525843
1.2478342663699842
0.804568464413319
1.0358512192958111
0.6234317608307794
0.5252508105708523
1.1658978855484288
0.8110298612159862
1.1233118058979874
0.9382094467128289
0.7629159176373804
0.9696870156159195
1.1488228489446861
1.411817120198524
1.2685690972213906
1.1457417750309615
0.8928880657871019
0.872242735793405
1.3475862601044049
1.04196338975249
0.994554635168844
1.0292374573010798
1.1431410610030517
1.3850670898824005
0.7039759628009673
0.860180844926137
0.8121898624644867
0.9016317846898275
1.2512040283077916
1.1309648267343397
0.7241687045773105
0.6228250075773061
1.1351627085741685
1.187413009232241
1.1704038724851504
0.9449397890219425
1.1233553324451577
1.1613491109155036
1.1545428954125971
0.9777096937486277
1.0137885927991377
1.1074391089652038
0.6962048157680496
1.0119458915119892
0.5214309046137436
0.8357337736940609
0.7743723670905419
1.5242228474288901
1.2476911104075905
1.3516489496330373
1.1924279553009023
1.1549273474845834
1.0843547291266373
1.0291858421761821
1.4090244919982222
1.3068166450961607
0.9269388508844721
1.2871452974150848
1.1361671849593835
1.2776805772474855
1.4185852592875254
1.0528917049068154
0.9178367496930301
0.9767466134492672
1.233215362112598
1.8040535174541634
1.333908271393764
1.499326649468625
1.574855838468525
1.0533525360779201
0.7357771310573668
1.051254330158439
1.3436189884430092
1.213637728492028
1.0117749436593806
0.6487010992043115
1.1211455628049007
1.2173408756204505
0.8151805557388262
1.50045478567729
1.3606362458565235
1.017752713359998
0.8774900994367733
1.0927530699256067
0.9970461910674703
1.1047293008796786
1.1233722536757536
0.734594909030487
1.0112368150542452
